# Fix print output for fix thermo_output
6050100 277.122704242379 2660753.9225676 121246.427781017 2378.19835849803 123624.626139515 655558.747671688 13708.0995309335 25.2777239375207 18.1684172116261 29.8484778136243
6050200 273.68707792319 2662798.63928045 121269.137844701 2348.71466500187 123617.852509703 655960.750884864 13708.0995309335 25.2777239375207 18.1684172116261 29.8484778136243
6050300 267.96543690955 2665642.83748542 121240.168332059 2299.61296002337 123539.781292082 656451.287707538 13708.0995309335 25.2777239375207 18.1684172116261 29.8484778136243
6050400 277.036242125906 2663708.73883877 121109.678688694 2377.45636204548 123487.13505074 656011.979228913 13708.0995309335 25.2777239375207 18.1684172116261 29.8484778136243
6050500 272.530757019027 2661963.85289659 121158.334755712 2338.79140561505 123497.126161327 655673.135235678 13708.0995309335 25.2777239375207 18.1684172116261 29.8484778136243
6050600 273.910316296606 2660623.45881517 121221.127797737 2350.63044138932 123571.758239126 655479.797644369 13708.0995309335 25.2777239375207 18.1684172116261 29.8484778136243
6050700 278.422800960371 2662854.11968648 121224.618109495 2389.355466282 123613.973575777 655967.963514418 13708.0995309335 25.2777239375207 18.1684172116261 29.8484778136243
6050800 280.576564149035 2662168.83200026 121182.236237198 2407.83852812234 123590.07476532 655807.062969126 13708.0995309335 25.2777239375207 18.1684172116261 29.8484778136243
6050900 272.916509566099 2661819.69781897 121212.637323465 2342.10183835906 123554.739161824 655701.928959077 13708.0995309335 25.2777239375207 18.1684172116261 29.8484778136243
6051000 275.129566778023 2666594.92484874 121171.052258999 2361.09374681004 123532.14600581 656633.992366249 13708.0995309335 25.2777239375207 18.1684172116261 29.8484778136243
6051100 271.090146302139 2660814.15678877 121191.811197193 2326.4284415212 123518.239638714 655464.403110299 13708.0995309335 25.2777239375207 18.1684172116261 29.8484778136243
6051200 266.78208893739 2663994.04879655 121220.78359013 2289.45776103808 123510.241351168 656092.124288345 13708.0995309335 25.2777239375207 18.1684172116261 29.8484778136243
6051300 267.562043174116 2663017.50400511 121216.055630886 2296.15113497349 123512.20676586 655898.860263979 13708.0995309335 25.2777239375207 18.1684172116261 29.8484778136243
6051400 276.481625840542 2664974.02536258 121171.39018778 2372.69678255503 123544.086970335 656321.885422039 13708.0995309335 25.2777239375207 18.1684172116261 29.8484778136243
6051500 276.175509946289 2660197.75373964 121215.259663829 2370.0697718263 123585.329435655 655408.262490601 13708.0995309335 25.2777239375207 18.1684172116261 29.8484778136243
6051600 277.854562554826 2664116.76752165 121209.760598567 2384.47898513262 123594.2395837 656200.656273012 13708.0995309335 25.2777239375207 18.1684172116261 29.8484778136243
6051700 270.064772368116 2664802.83238405 121204.113400804 2317.6289365748 123521.742337379 656265.316133479 13708.0995309335 25.2777239375207 18.1684172116261 29.8484778136243
6051800 276.278623627586 2667829.30789855 121095.877616899 2370.95466788081 123466.832284779 656815.454740393 13708.0995309335 25.2777239375207 18.1684172116261 29.8484778136243
6051900 273.041689713673 2663538.95085718 121148.277986849 2343.17610335763 123491.454090206 655982.354497755 13708.0995309335 25.2777239375207 18.1684172116261 29.8484778136243
6052000 272.247158896352 2666751.53954794 121212.971645078 2336.35763682059 123549.329281898 656682.485829172 13708.0995309335 25.2777239375207 18.1684172116261 29.8484778136243
6052100 270.538955174267 2663461.03307234 121244.80395366 2321.69825588336 123566.502209544 656041.825404906 13708.0995309335 25.2777239375207 18.1684172116261 29.8484778136243
6052200 278.182768643576 2661370.63697919 121164.744771543 2387.29556843513 123552.040339978 655609.454535927 13708.0995309335 25.2777239375207 18.1684172116261 29.8484778136243
6052300 277.034900887581 2666872.64480828 121147.949958227 2377.44485187062 123525.394810097 656682.762547939 13708.0995309335 25.2777239375207 18.1684172116261 29.8484778136243
6052400 263.328843116796 2664445.24605683 121243.591720476 2259.82286134815 123503.414581824 656175.500230439 13708.0995309335 25.2777239375207 18.1684172116261 29.8484778136243
6052500 270.223375763676 2661266.8210174 121140.990735713 2318.9900316031 123459.980767316 655496.640224555 13708.0995309335 25.2777239375207 18.1684172116261 29.8484778136243
6052600 264.352679885124 2662921.8951676 121178.638580645 2268.60917471956 123447.247755365 655814.787271331 13708.0995309335 25.2777239375207 18.1684172116261 29.8484778136243
6052700 273.586097874469 2662804.69717828 121172.645934622 2347.84807925328 123520.494013875 655864.603475311 13708.0995309335 25.2777239375207 18.1684172116261 29.8484778136243
6052800 278.424173470159 2657840.03211405 121182.482574187 2389.3672448208 123571.849819008 654923.430536149 13708.0995309335 25.2777239375207 18.1684172116261 29.8484778136243
6052900 275.677957408637 2664209.7005537 121201.798422757 2365.79989927454 123567.598322031 656192.594050294 13708.0995309335 25.2777239375207 18.1684172116261 29.8484778136243
6053000 274.252905731559 2661256.25808014 121165.744677874 2353.57045900379 123519.315136878 655553.862866795 13708.0995309335 25.2777239375207 18.1684172116261 29.8484778136243
6053100 270.909868856004 2660983.74671304 121111.193074734 2324.88134516313 123436.074419898 655416.142066768 13708.0995309335 25.2777239375207 18.1684172116261 29.8484778136243
6053200 264.537373112838 2661043.35051319 121175.883715162 2270.19416622063 123446.077881383 655438.061434797 13708.0995309335 25.2777239375207 18.1684172116261 29.8484778136243
6053300 269.680837485588 2666639.7690928 121175.107264126 2314.33410257737 123489.441366704 656600.252924325 13708.0995309335 25.2777239375207 18.1684172116261 29.8484778136243
6053400 272.644112924702 2665150.12838585 121179.15069301 2339.76419790047 123518.91489091 656331.919607345 13708.0995309335 25.2777239375207 18.1684172116261 29.8484778136243
6053500 276.884621268892 2662927.21692117 121180.776672025 2376.15518943226 123556.931861457 655925.535294791 13708.0995309335 25.2777239375207 18.1684172116261 29.8484778136243
6053600 273.405638405628 2662485.93702735 121234.262683611 2346.29942082146 123580.562104432 655860.945492056 13708.0995309335 25.2777239375207 18.1684172116261 29.8484778136243
6053700 276.806030633468 2662074.64039724 121198.837364482 2375.48074407899 123574.318108561 655772.475661707 13708.0995309335 25.2777239375207 18.1684172116261 29.8484778136243
6053800 274.716556210799 2664579.93100914 121150.222760707 2357.54939249342 123507.772153201 656206.783824994 13708.0995309335 25.2777239375207 18.1684172116261 29.8484778136243
6053900 271.864454926438 2666024.98941807 121130.420403876 2333.07336621012 123463.493770086 656451.399453758 13708.0995309335 25.2777239375207 18.1684172116261 29.8484778136243
6054000 270.201146117877 2662494.87287833 121178.118057218 2318.79926229283 123496.917319511 655779.087149692 13708.0995309335 25.2777239375207 18.1684172116261 29.8484778136243
6054100 278.459744005542 2663270.73932538 121189.90602235 2389.67250233873 123579.578524689 656016.858466121 13708.0995309335 25.2777239375207 18.1684172116261 29.8484778136243
6054200 277.860717840709 2661460.38835732 121200.490796922 2384.53180827039 123585.022605192 655660.379768387 13708.0995309335 25.2777239375207 18.1684172116261 29.8484778136243
6054300 280.033621800317 2662902.85110427 121151.133706888 2403.17913146262 123554.312838351 655918.045092393 13708.0995309335 25.2777239375207 18.1684172116261 29.8484778136243
6054400 270.955889139379 2663947.88654435 121190.752657925 2325.27627982818 123516.028937754 656088.683183443 13708.0995309335 25.2777239375207 18.1684172116261 29.8484778136243
6054500 269.784283010867 2665193.1659452 121185.782915054 2315.22184643468 123501.004761489 656322.613485281 13708.0995309335 25.2777239375207 18.1684172116261 29.8484778136243
6054600 274.082380498651 2660434.91987627 121162.751093692 2352.10705372239 123514.858147415 655385.205117446 13708.0995309335 25.2777239375207 18.1684172116261 29.8484778136243
6054700 279.717215021667 2666580.37214357 121187.85138818 2400.46380691474 123588.315195094 656687.252199513 13708.0995309335 25.2777239375207 18.1684172116261 29.8484778136243
6054800 274.104743151125 2666753.94267325 121258.322048213 2352.29896446298 123610.621012676 656744.257989326 13708.0995309335 25.2777239375207 18.1684172116261 29.8484778136243
6054900 274.942116833941 2664158.53158177 121187.754918635 2359.4850978524 123547.240016487 656162.00611701 13708.0995309335 25.2777239375207 18.1684172116261 29.8484778136243
6055000 270.992392859461 2661408.04746597 121163.707120603 2325.5895457059 123489.296666309 655554.189913308 13708.0995309335 25.2777239375207 18.1684172116261 29.8484778136243
6055100 273.489581403988 2665130.6901867 121145.277494263 2347.01979882677 123492.29729309 656301.415952532 13708.0995309335 25.2777239375207 18.1684172116261 29.8484778136243
6055200 269.729439753056 2661482.32312653 121213.633891397 2314.75119518992 123528.385086587 655608.127417494 13708.0995309335 25.2777239375207 18.1684172116261 29.8484778136243
6055300 279.536780525878 2663057.95557981 121166.889465291 2398.91536279546 123565.804828086 655960.545347207 13708.0995309335 25.2777239375207 18.1684172116261 29.8484778136243
6055400 273.615829986258 2661362.97615113 121270.40873788 2348.10323286707 123618.511970747 655674.394624898 13708.0995309335 25.2777239375207 18.1684172116261 29.8484778136243
6055500 283.175179486224 2662518.222406 121258.146095834 2430.13920083758 123688.285296672 655975.123131055 13708.0995309335 25.2777239375207 18.1684172116261 29.8484778136243
6055600 280.127853102239 2661366.51533857 121207.158321562 2403.98780113897 123611.146122701 655667.736326147 13708.0995309335 25.2777239375207 18.1684172116261 29.8484778136243
6055700 270.689311246183 2665914.01231918 121218.269000229 2322.98857442439 123541.257574654 656506.976875321 13708.0995309335 25.2777239375207 18.1684172116261 29.8484778136243
6055800 271.536284729274 2661650.34164574 121173.429160943 2330.2570909203 123503.686251863 655617.018605003 13708.0995309335 25.2777239375207 18.1684172116261 29.8484778136243
6055900 267.221702385385 2665656.98025071 121201.140830136 2293.23041468353 123494.37124482 656408.705061701 13708.0995309335 25.2777239375207 18.1684172116261 29.8484778136243
6056000 273.388631697149 2665435.62391909 121192.185437564 2346.15347346468 123538.338911029 656408.419486448 13708.0995309335 25.2777239375207 18.1684172116261 29.8484778136243
6056100 279.261896737875 2666605.6932781 121217.987374784 2396.55637826119 123614.543753045 656718.542922491 13708.0995309335 25.2777239375207 18.1684172116261 29.8484778136243
6056200 276.296182596106 2662971.89173315 121238.528969745 2371.10535459637 123609.634324342 655987.169082237 13708.0995309335 25.2777239375207 18.1684172116261 29.8484778136243
6056300 279.372617056319 2661557.3926472 121136.405880917 2397.50655259027 123533.912433507 655628.662555698 13708.0995309335 25.2777239375207 18.1684172116261 29.8484778136243
6056400 278.395952827344 2661556.05998564 121124.98792967 2389.1250622591 123514.112991929 655608.596690326 13708.0995309335 25.2777239375207 18.1684172116261 29.8484778136243
6056500 266.860597876717 2664870.46274801 121232.791918913 2290.13150529569 123522.923424209 656280.017786017 13708.0995309335 25.2777239375207 18.1684172116261 29.8484778136243
6056600 269.456635831525 2664753.32868391 121229.080939181 2312.41005955418 123541.490998736 656275.168085854 13708.0995309335 25.2777239375207 18.1684172116261 29.8484778136243
6056700 276.647485866469 2663784.11270718 121209.683984906 2374.12015218647 123583.804137093 656123.716951317 13708.0995309335 25.2777239375207 18.1684172116261 29.8484778136243
6056800 273.273311468497 2664830.31075062 121280.437227264 2345.16382384635 123625.601051111 656374.668282985 13708.0995309335 25.2777239375207 18.1684172116261 29.8484778136243
6056900 273.521797560129 2666923.57068576 121240.544730913 2347.29626989348 123587.841000807 656755.389767291 13708.0995309335 25.2777239375207 18.1684172116261 29.8484778136243
6057000 267.154714931051 2663443.79274543 121206.319003652 2292.65554495435 123498.974548607 655970.851082452 13708.0995309335 25.2777239375207 18.1684172116261 29.8484778136243
6057100 268.417024445054 2662905.71294461 121184.912657514 2303.48837231985 123488.401029834 655852.705418905 13708.0995309335 25.2777239375207 18.1684172116261 29.8484778136243
6057200 271.855537395124 2662403.5229384 121190.932331111 2332.99683816673 123523.929169278 655787.836450023 13708.0995309335 25.2777239375207 18.1684172116261 29.8484778136243
6057300 275.787362919822 2661963.01362408 121228.862012943 2366.73879025362 123595.600803196 655771.442091386 13708.0995309335 25.2777239375207 18.1684172116261 29.8484778136243
6057400 272.367436387834 2667035.02689763 121294.791191249 2337.38982843979 123632.181019688 656822.011952761 13708.0995309335 25.2777239375207 18.1684172116261 29.8484778136243
6057500 277.119323935735 2663391.2481334 121195.527041313 2378.16934954428 123573.696390857 656035.06828096 13708.0995309335 25.2777239375207 18.1684172116261 29.8484778136243
6057600 272.309311129871 2663543.89242719 121151.201166911 2336.89101188323 123488.092178794 655979.980497957 13708.0995309335 25.2777239375207 18.1684172116261 29.8484778136243
6057700 274.607432551962 2662522.06251388 121118.13616081 2356.61292030133 123474.749081111 655762.354624373 13708.0995309335 25.2777239375207 18.1684172116261 29.8484778136243
6057800 272.585399234648 2664801.05603302 121181.753503203 2339.26033156555 123521.013834768 656264.23250531 13708.0995309335 25.2777239375207 18.1684172116261 29.8484778136243
6057900 273.469506011627 2662706.00848741 121238.810919084 2346.84751678553 123585.658435869 655910.038195269 13708.0995309335 25.2777239375207 18.1684172116261 29.8484778136243
6058000 278.919217786128 2659945.21912333 121195.186754244 2393.61559243577 123588.80234668 655361.249042049 13708.0995309335 25.2777239375207 18.1684172116261 29.8484778136243
6058100 272.137730838079 2662953.82188221 121180.902234572 2335.41855234799 123516.32078692 655890.24304604 13708.0995309335 25.2777239375207 18.1684172116261 29.8484778136243
6058200 266.3078735974 2660954.27383324 121160.905240583 2285.38816253218 123446.293403116 655420.468873979 13708.0995309335 25.2777239375207 18.1684172116261 29.8484778136243
6058300 273.014467565608 2663869.86242218 121131.646601133 2342.94248963038 123474.589090764 656031.64486546 13708.0995309335 25.2777239375207 18.1684172116261 29.8484778136243
6058400 275.26577369535 2665204.89291208 121178.763379217 2362.26264081346 123541.02602003 656364.979182282 13708.0995309335 25.2777239375207 18.1684172116261 29.8484778136243
6058500 277.088775523061 2664667.60589771 121197.672410864 2377.90719063862 123575.579601502 656292.119111715 13708.0995309335 25.2777239375207 18.1684172116261 29.8484778136243
6058600 275.039844644039 2662768.55399703 121203.940739155 2360.32377369526 123564.264512851 655901.148281146 13708.0995309335 25.2777239375207 18.1684172116261 29.8484778136243
6058700 270.907926678607 2661449.14959797 121144.952136685 2324.8646778781 123469.816814563 655542.92714105 13708.0995309335 25.2777239375207 18.1684172116261 29.8484778136243
6058800 260.315403578859 2663056.68871822 121205.594553794 2233.96227016293 123439.556823956 655834.04407392 13708.0995309335 25.2777239375207 18.1684172116261 29.8484778136243
6058900 272.834779851918 2664555.94358694 121144.115492862 2341.40045420997 123485.515947072 656179.7320877 13708.0995309335 25.2777239375207 18.1684172116261 29.8484778136243
6059000 275.981178880287 2663143.08421637 121163.862403116 2368.40207078594 123532.264473902 655944.023788381 13708.0995309335 25.2777239375207 18.1684172116261 29.8484778136243
6059100 270.774097969422 2662574.23376295 121228.518416512 2323.71619306747 123552.234609579 655850.270154395 13708.0995309335 25.2777239375207 18.1684172116261 29.8484778136243
6059200 266.897260425732 2661436.53635061 121257.482470103 2290.44613420393 123547.928604307 655618.517308409 13708.0995309335 25.2777239375207 18.1684172116261 29.8484778136243
6059300 267.405076212314 2663286.92407109 121205.090807977 2294.80408341409 123499.894891392 655940.410464055 13708.0995309335 25.2777239375207 18.1684172116261 29.8484778136243
6059400 262.73148901668 2661848.5246445 121170.738442026 2254.69651652476 123425.434958551 655578.387773566 13708.0995309335 25.2777239375207 18.1684172116261 29.8484778136243
6059500 267.224608546346 2663745.65562621 121164.411509831 2293.25535463656 123457.666864467 655989.891394024 13708.0995309335 25.2777239375207 18.1684172116261 29.8484778136243
6059600 273.496895022148 2664186.0675592 121182.810082649 2347.08256248502 123529.892645134 656150.163698913 13708.0995309335 25.2777239375207 18.1684172116261 29.8484778136243
6059700 274.439868678687 2660615.93524445 121192.971431165 2355.17492867428 123548.146359839 655454.681663574 13708.0995309335 25.2777239375207 18.1684172116261 29.8484778136243
6059800 275.80992074663 2662332.45291012 121183.150451604 2366.93237593198 123550.082827536 655799.781889799 13708.0995309335 25.2777239375207 18.1684172116261 29.8484778136243
6059900 276.299382865915 2662004.28063549 121157.32594413 2371.13281851864 123528.458762649 655712.55009278 13708.0995309335 25.2777239375207 18.1684172116261 29.8484778136243
6060000 266.772901807938 2664112.43051631 121159.873550317 2289.37891937031 123449.252469688 656054.802111091 13708.0995309335 25.2777239375207 18.1684172116261 29.8484778136243
6060100 273.371535601327 2663298.94645705 121091.080772156 2346.00675900788 123437.087531164 655880.006602046 13708.0995309335 25.2777239375207 18.1684172116261 29.8484778136243
6060200 268.510402461626 2664309.3874229 121219.23956079 2304.28971931283 123523.529280103 656168.454264786 13708.0995309335 25.2777239375207 18.1684172116261 29.8484778136243
6060300 275.125547602148 2662216.81476697 121195.834429513 2361.05925523889 123556.893684752 655783.474534702 13708.0995309335 25.2777239375207 18.1684172116261 29.8484778136243
6060400 273.437964001888 2662781.6834843 121201.835662154 2346.57683107615 123548.41249323 655887.921089857 13708.0995309335 25.2777239375207 18.1684172116261 29.8484778136243
6060500 274.256310991167 2664455.22726061 121165.131847703 2353.5996820977 123518.7315298 656192.812606409 13708.0995309335 25.2777239375207 18.1684172116261 29.8484778136243
6060600 267.576308554024 2661627.7493162 121169.738203438 2296.27355692796 123466.011760366 655574.827487273 13708.0995309335 25.2777239375207 18.1684172116261 29.8484778136243
6060700 267.704335222058 2663265.47109643 121123.649253085 2297.37225005956 123421.021503145 655857.248227774 13708.0995309335 25.2777239375207 18.1684172116261 29.8484778136243
6060800 269.686706603533 2665609.18911524 121162.799864796 2314.38446989281 123477.184334689 656381.963816069 13708.0995309335 25.2777239375207 18.1684172116261 29.8484778136243
6060900 273.322961907214 2665827.62055091 121213.865180895 2345.58991160476 123559.4550925 656507.903074323 13708.0995309335 25.2777239375207 18.1684172116261 29.8484778136243
6061000 275.759988334008 2665348.55238689 121203.16286611 2366.5038683434 123569.666734453 656422.340093595 13708.0995309335 25.2777239375207 18.1684172116261 29.8484778136243
6061100 273.082402434605 2662570.65574406 121198.193291511 2343.52548983737 123541.718781349 655839.039013741 13708.0995309335 25.2777239375207 18.1684172116261 29.8484778136243
6061200 273.291637303593 2663184.06223113 121127.367558755 2345.3210916208 123472.688650376 655892.640231001 13708.0995309335 25.2777239375207 18.1684172116261 29.8484778136243
6061300 272.835473893571 2660728.78553477 121100.731785121 2341.40641030341 123442.138195425 655371.234367919 13708.0995309335 25.2777239375207 18.1684172116261 29.8484778136243
6061400 276.039257744273 2662846.76866977 121170.332868308 2368.90048920088 123539.233357509 655891.753691396 13708.0995309335 25.2777239375207 18.1684172116261 29.8484778136243
6061500 274.122253273618 2663664.29252594 121240.923171477 2352.44923199405 123593.372403471 656109.330938305 13708.0995309335 25.2777239375207 18.1684172116261 29.8484778136243
6061600 274.667022704067 2666980.80149868 121207.884737938 2357.12430821632 123565.009046154 656743.999314966 13708.0995309335 25.2777239375207 18.1684172116261 29.8484778136243
6061700 272.381325559257 2664733.17746083 121166.963768952 2337.50902186628 123504.472790818 656234.121274216 13708.0995309335 25.2777239375207 18.1684172116261 29.8484778136243
6061800 273.344462337415 2662426.90389825 121132.989809635 2345.77442296753 123478.764232602 655747.345801425 13708.0995309335 25.2777239375207 18.1684172116261 29.8484778136243
6061900 268.274402359331 2663181.40696341 121223.657094065 2302.26442493135 123525.921518996 655945.342262293 13708.0995309335 25.2777239375207 18.1684172116261 29.8484778136243
6062000 277.872496346784 2665571.11002204 121235.00877143 2384.63288849003 123619.64165992 656516.808423409 13708.0995309335 25.2777239375207 18.1684172116261 29.8484778136243
6062100 279.940839573912 2663169.64437949 121199.066611071 2402.38289739317 123601.449508464 656018.518692796 13708.0995309335 25.2777239375207 18.1684172116261 29.8484778136243
6062200 270.893232394653 2659513.20087366 121212.53029778 2324.73857517543 123537.268872956 655223.347097278 13708.0995309335 25.2777239375207 18.1684172116261 29.8484778136243
6062300 265.691033769885 2662981.50577147 121224.016130277 2280.0945960261 123504.110726303 655883.567509001 13708.0995309335 25.2777239375207 18.1684172116261 29.8484778136243
6062400 271.990342486887 2664333.79134059 121171.220041018 2334.15370205063 123505.373743069 656155.177524099 13708.0995309335 25.2777239375207 18.1684172116261 29.8484778136243
6062500 278.840318696406 2665814.27258633 121140.198495437 2392.93850000418 123533.136995441 656478.916471262 13708.0995309335 25.2777239375207 18.1684172116261 29.8484778136243
6062600 271.109386991721 2663946.80765574 121288.916148798 2326.59356035007 123615.509709148 656187.94826497 13708.0995309335 25.2777239375207 18.1684172116261 29.8484778136243
6062700 278.918518169932 2665763.8427651 121295.500069097 2393.60958850299 123689.1096576 656624.807275633 13708.0995309335 25.2777239375207 18.1684172116261 29.8484778136243
6062800 278.106452895577 2664381.38752328 121229.868228248 2386.64064560188 123616.50887385 656275.828015701 13708.0995309335 25.2777239375207 18.1684172116261 29.8484778136243
6062900 271.23208743683 2663723.8819917 121223.290483004 2327.64654515672 123550.937028161 656078.808603825 13708.0995309335 25.2777239375207 18.1684172116261 29.8484778136243
6063000 274.019588623597 2664787.80239794 121160.257558613 2351.56818941466 123511.825748027 656252.394770785 13708.0995309335 25.2777239375207 18.1684172116261 29.8484778136243
6063100 275.06027763466 2662131.86962527 121135.555237029 2360.49912455613 123496.054361585 655705.653100208 13708.0995309335 25.2777239375207 18.1684172116261 29.8484778136243
6063200 274.207231598635 2663955.79355427 121178.05672562 2353.17849491611 123531.235220536 656105.470224348 13708.0995309335 25.2777239375207 18.1684172116261 29.8484778136243
6063300 280.268182890205 2664227.05761173 121206.570411272 2405.19207659631 123611.762487869 656240.228214367 13708.0995309335 25.2777239375207 18.1684172116261 29.8484778136243
6063400 274.995863468446 2661657.12470153 121252.892867814 2359.94633814776 123612.839205962 655727.527617923 13708.0995309335 25.2777239375207 18.1684172116261 29.8484778136243
6063500 276.777893184707 2664290.32955692 121163.617757568 2375.23927546804 123538.857033036 656179.97199639 13708.0995309335 25.2777239375207 18.1684172116261 29.8484778136243
6063600 274.101528805553 2664963.87737626 121158.711918278 2352.27137974602 123510.983298024 656286.752978807 13708.0995309335 25.2777239375207 18.1684172116261 29.8484778136243
6063700 271.880578076399 2661374.88626664 121186.689432772 2333.2117310867 123519.901163859 655578.164871282 13708.0995309335 25.2777239375207 18.1684172116261 29.8484778136243
6063800 267.18848344288 2662473.78691243 121254.345312045 2292.9453379528 123547.290649998 655825.245004012 13708.0995309335 25.2777239375207 18.1684172116261 29.8484778136243
6063900 275.264240082133 2666254.58434825 121229.48118444 2362.24947972497 123591.730664165 656625.536638149 13708.0995309335 25.2777239375207 18.1684172116261 29.8484778136243
6064000 281.162010810211 2666892.03480571 121228.11234271 2412.8626862562 123640.975028966 656802.219187381 13708.0995309335 25.2777239375207 18.1684172116261 29.8484778136243
6064100 278.587273460222 2662249.63807141 121211.327471707 2390.76692850857 123602.094400216 655835.237238279 13708.0995309335 25.2777239375207 18.1684172116261 29.8484778136243
6064200 272.228904176022 2663696.42418217 121174.402710891 2336.20097933545 123510.603690226 656032.985939851 13708.0995309335 25.2777239375207 18.1684172116261 29.8484778136243
6064300 267.194065882027 2660252.47066008 121203.988479042 2292.99324506186 123496.981724104 655330.853707585 13708.0995309335 25.2777239375207 18.1684172116261 29.8484778136243
6064400 272.559204743903 2663313.7775127 121185.185278022 2339.0355369387 123524.22081496 655970.104889291 13708.0995309335 25.2777239375207 18.1684172116261 29.8484778136243
6064500 274.590277808969 2663144.20559688 121232.974651772 2356.46570254904 123589.440354321 656001.42385359 13708.0995309335 25.2777239375207 18.1684172116261 29.8484778136243
6064600 278.231791669651 2664680.11493686 121243.047632819 2387.71627189376 123630.763904712 656349.804204155 13708.0995309335 25.2777239375207 18.1684172116261 29.8484778136243
6064700 272.946054595335 2666538.50959256 121215.542794052 2342.35538647675 123557.898180529 656648.466083578 13708.0995309335 25.2777239375207 18.1684172116261 29.8484778136243
6064800 272.186447147933 2666035.33193828 121147.509149075 2335.83662364404 123483.345772719 656473.31911825 13708.0995309335 25.2777239375207 18.1684172116261 29.8484778136243
6064900 267.919495005709 2664368.45479721 121195.585999548 2299.21869799205 123494.80469754 656151.538347278 13708.0995309335 25.2777239375207 18.1684172116261 29.8484778136243
6065000 279.17087051664 2661063.55685851 121148.381756123 2395.77521379285 123544.156969916 655540.180147007 13708.0995309335 25.2777239375207 18.1684172116261 29.8484778136243
6065100 275.319330661366 2663270.13709302 121231.188320991 2362.72225342086 123593.910574412 656031.070118411 13708.0995309335 25.2777239375207 18.1684172116261 29.8484778136243
6065200 272.886646101022 2661710.89255089 121236.950620771 2341.8455575039 123578.796178275 655704.233781835 13708.0995309335 25.2777239375207 18.1684172116261 29.8484778136243
6065300 261.588433684619 2663982.56104874 121220.565689181 2244.88709898962 123465.452788171 656045.039111223 13708.0995309335 25.2777239375207 18.1684172116261 29.8484778136243
6065400 267.105711248263 2666058.01649113 121167.837174577 2292.23500749502 123460.072182072 656454.58059099 13708.0995309335 25.2777239375207 18.1684172116261 29.8484778136243
6065500 269.289895584154 2664187.81945925 121206.41986026 2310.97913608049 123517.398996341 656138.020287473 13708.0995309335 25.2777239375207 18.1684172116261 29.8484778136243
6065600 279.07678315933 2661419.97000646 121169.172483128 2394.96777941348 123564.140262541 655631.417046797 13708.0995309335 25.2777239375207 18.1684172116261 29.8484778136243
6065700 270.591175333478 2662995.90539886 121251.408767157 2322.14639634612 123573.555163503 655955.890699129 13708.0995309335 25.2777239375207 18.1684172116261 29.8484778136243
6065800 267.755201234873 2663609.43554 121234.129668053 2297.80876957358 123531.938437627 656036.930042231 13708.0995309335 25.2777239375207 18.1684172116261 29.8484778136243
6065900 267.19463022596 2663055.05280012 121130.667636977 2292.99808812162 123423.665725099 655817.825924653 13708.0995309335 25.2777239375207 18.1684172116261 29.8484778136243
6066000 271.391658364702 2660859.39609258 121108.609200838 2329.01594330751 123437.625144145 655392.832792692 13708.0995309335 25.2777239375207 18.1684172116261 29.8484778136243
6066100 273.9925192987 2665017.68093064 121154.134492678 2351.33588717795 123505.470379856 656291.996390336 13708.0995309335 25.2777239375207 18.1684172116261 29.8484778136243
6066200 274.786018310014 2662620.04457499 121190.95107805 2358.14549901158 123549.096577061 655856.290553948 13708.0995309335 25.2777239375207 18.1684172116261 29.8484778136243
6066300 272.325320856375 2663571.73015335 121226.214561753 2337.02840338781 123563.24296514 656060.696562733 13708.0995309335 25.2777239375207 18.1684172116261 29.8484778136243
6066400 272.520959562975 2664990.14269197 121198.298773176 2338.70732627566 123537.006099452 656318.026704613 13708.0995309335 25.2777239375207 18.1684172116261 29.8484778136243
6066500 270.529337461113 2661143.71950189 121124.228126231 2321.61571905299 123445.843845284 655457.893023475 13708.0995309335 25.2777239375207 18.1684172116261 29.8484778136243
6066600 269.269977998103 2664647.09355208 121125.866364231 2310.80820829389 123436.674572525 656149.113283915 13708.0995309335 25.2777239375207 18.1684172116261 29.8484778136243
6066700 268.924258619793 2660829.31524466 121202.733144299 2307.84133028133 123510.57447458 655459.768403001 13708.0995309335 25.2777239375207 18.1684172116261 29.8484778136243
6066800 273.997932550328 2663234.9639311 121193.949196493 2351.38234236167 123545.331538855 655975.459314591 13708.0995309335 25.2777239375207 18.1684172116261 29.8484778136243
6066900 274.608631579797 2660115.33458381 121191.0968026 2356.62321006102 123547.720012661 655354.175947765 13708.0995309335 25.2777239375207 18.1684172116261 29.8484778136243
6067000 272.462203745849 2663718.66105644 121194.092597023 2338.20309841666 123532.295695439 656059.123509188 13708.0995309335 25.2777239375207 18.1684172116261 29.8484778136243
6067100 273.193845174655 2661775.49148861 121145.837222141 2344.4818638096 123490.31908595 655628.671216816 13708.0995309335 25.2777239375207 18.1684172116261 29.8484778136243
6067200 265.777356966126 2660814.81904354 121153.391604112 2280.83540029964 123434.227004412 655380.522873023 13708.0995309335 25.2777239375207 18.1684172116261 29.8484778136243
6067300 268.378457349292 2662777.02779767 121167.068690849 2303.15739906349 123470.226089912 655808.803928321 13708.0995309335 25.2777239375207 18.1684172116261 29.8484778136243
6067400 271.290738546894 2665647.32052128 121231.518303053 2328.14987444568 123559.668177499 656472.070835078 13708.0995309335 25.2777239375207 18.1684172116261 29.8484778136243
6067500 270.495526423587 2662018.07893288 121249.045679943 2321.32556110955 123570.371241053 655757.22110708 13708.0995309335 25.2777239375207 18.1684172116261 29.8484778136243
6067600 271.617320797158 2664729.06202826 121212.839153535 2330.95252236879 123543.791675904 656272.617407904 13708.0995309335 25.2777239375207 18.1684172116261 29.8484778136243
6067700 272.255127390283 2664256.41252188 121143.451003034 2336.42602046039 123479.877023494 656114.211341676 13708.0995309335 25.2777239375207 18.1684172116261 29.8484778136243
6067800 270.15535512576 2664756.20634378 121111.612159405 2318.40629534851 123430.018454754 656164.27083952 13708.0995309335 25.2777239375207 18.1684172116261 29.8484778136243
6067900 268.217642840995 2663963.27555375 121172.508277996 2301.77732881375 123474.285606809 656050.016401265 13708.0995309335 25.2777239375207 18.1684172116261 29.8484778136243
6068000 275.305288307599 2663623.85435422 121208.412801504 2362.60174542146 123571.014546926 656078.888740262 13708.0995309335 25.2777239375207 18.1684172116261 29.8484778136243
6068100 274.250094468661 2663698.09323536 121227.216041017 2353.54633344242 123580.76237446 656103.478298813 13708.0995309335 25.2777239375207 18.1684172116261 29.8484778136243
6068200 276.128726128355 2663253.35773078 121167.662738775 2369.66828469691 123537.331023472 655971.136061352 13708.0995309335 25.2777239375207 18.1684172116261 29.8484778136243
6068300 265.974638835648 2663290.40004038 121197.053197849 2282.5284244044 123479.581622253 655920.792105728 13708.0995309335 25.2777239375207 18.1684172116261 29.8484778136243
6068400 274.180644188194 2665354.92281694 121116.425075855 2352.95032834982 123469.375404205 656323.322330619 13708.0995309335 25.2777239375207 18.1684172116261 29.8484778136243
6068500 269.872690659136 2664794.73321696 121253.877253046 2315.98053895887 123569.857792005 656311.812414196 13708.0995309335 25.2777239375207 18.1684172116261 29.8484778136243
6068600 273.524044703715 2666280.27258405 121262.375019974 2347.31555432274 123609.690574297 656648.63210367 13708.0995309335 25.2777239375207 18.1684172116261 29.8484778136243
6068700 267.512196119461 2665464.27100282 121269.891034288 2295.72335990584 123565.614394194 656441.422053651 13708.0995309335 25.2777239375207 18.1684172116261 29.8484778136243
6068800 265.580037579637 2664204.28587859 121230.520814157 2279.14205423357 123509.66286839 656133.576102543 13708.0995309335 25.2777239375207 18.1684172116261 29.8484778136243
6068900 267.020357615025 2667090.67034129 121200.676327199 2291.50252377084 123492.17885097 656693.133941774 13708.0995309335 25.2777239375207 18.1684172116261 29.8484778136243
6069000 270.183288764454 2658636.34043192 121207.033783065 2318.64601491198 123525.679797977 655036.457335967 13708.0995309335 25.2777239375207 18.1684172116261 29.8484778136243
6069100 277.472330410457 2661354.10771463 121256.638746037 2381.19876361202 123637.837509649 655691.947198651 13708.0995309335 25.2777239375207 18.1684172116261 29.8484778136243
6069200 273.416632403306 2666015.00379326 121274.8993966 2346.3937685845 123621.293165184 656607.202537015 13708.0995309335 25.2777239375207 18.1684172116261 29.8484778136243
6069300 271.469293715378 2666600.68585757 121221.814817667 2329.68219064384 123551.497008311 656654.4951014 13708.0995309335 25.2777239375207 18.1684172116261 29.8484778136243
6069400 277.492447327544 2661405.50113077 121130.67598542 2381.37140200816 123512.047387428 655576.431574734 13708.0995309335 25.2777239375207 18.1684172116261 29.8484778136243
6069500 268.064914659572 2660088.29289446 121206.163836312 2300.46665341691 123506.630489729 655307.680288945 13708.0995309335 25.2777239375207 18.1684172116261 29.8484778136243
6069600 273.198090643112 2660506.69046564 121198.214454821 2344.51829736759 123542.732752189 655427.427995874 13708.0995309335 25.2777239375207 18.1684172116261 29.8484778136243
6069700 278.675801941892 2666521.69882628 121247.201876802 2391.52665799506 123638.728534797 656725.935653478 13708.0995309335 25.2777239375207 18.1684172116261 29.8484778136243
6069800 278.651547052164 2662999.07404105 121231.805925959 2391.31850854338 123623.124434503 656006.093440547 13708.0995309335 25.2777239375207 18.1684172116261 29.8484778136243
6069900 277.732779230546 2660753.09132001 121171.065850132 2383.4338708296 123554.499720961 655488.455071304 13708.0995309335 25.2777239375207 18.1684172116261 29.8484778136243
6070000 273.36062699777 2662726.65086516 121184.340183043 2345.91314407602 123530.25332712 655858.759881178 13708.0995309335 25.2777239375207 18.1684172116261 29.8484778136243
6070100 276.410219131997 2665054.71388913 121148.058970555 2372.0839878816 123520.142958437 656314.072545052 13708.0995309335 25.2777239375207 18.1684172116261 29.8484778136243
6070200 274.634871938019 2665985.49107441 121163.37951796 2356.84839831118 123520.227916271 656500.237147529 13708.0995309335 25.2777239375207 18.1684172116261 29.8484778136243
6070300 276.389864567849 2664887.83237935 121178.887855169 2371.90931005729 123550.797165226 656311.364038907 13708.0995309335 25.2777239375207 18.1684172116261 29.8484778136243
6070400 276.757321919945 2666105.70632939 121220.848629807 2375.06273797277 123595.91136778 656599.953861005 13708.0995309335 25.2777239375207 18.1684172116261 29.8484778136243
6070500 277.503800943002 2661846.55716856 121210.841434149 2381.46883592185 123592.310270071 655744.869750109 13708.0995309335 25.2777239375207 18.1684172116261 29.8484778136243
6070600 270.688143259158 2660414.07795643 121185.682957208 2322.97855104924 123508.661508257 655374.841791461 13708.0995309335 25.2777239375207 18.1684172116261 29.8484778136243
6070700 268.641177081356 2661434.12003048 121173.007281652 2305.41199468476 123478.419276337 655548.524913172 13708.0995309335 25.2777239375207 18.1684172116261 29.8484778136243
6070800 274.792253870319 2661572.99014577 121146.811159188 2358.19901104454 123505.010170233 655602.878522048 13708.0995309335 25.2777239375207 18.1684172116261 29.8484778136243
6070900 269.000706051562 2661109.46130551 121236.323250997 2308.49738319205 123544.820634189 655550.02096272 13708.0995309335 25.2777239375207 18.1684172116261 29.8484778136243
6071000 276.116565018347 2665213.24091462 121189.473270198 2369.56392106514 123559.037191263 656384.659274251 13708.0995309335 25.2777239375207 18.1684172116261 29.8484778136243
6071100 270.071067644746 2667066.37464585 121234.004014573 2317.68296107845 123551.686975652 656747.784905746 13708.0995309335 25.2777239375207 18.1684172116261 29.8484778136243
6071200 275.096529643332 2661772.76050441 121178.169313382 2360.8102303089 123538.979543691 655676.785700099 13708.0995309335 25.2777239375207 18.1684172116261 29.8484778136243
6071300 270.803455937748 2662171.85890447 121197.021677586 2323.9681358748 123520.989813461 655738.58315163 13708.0995309335 25.2777239375207 18.1684172116261 29.8484778136243
6071400 271.106847079873 2666537.44413702 121168.607378193 2326.57176345615 123495.179141649 656585.534040349 13708.0995309335 25.2777239375207 18.1684172116261 29.8484778136243
6071500 270.834464142674 2665023.3103997 121132.517911363 2324.2342406036 123456.752151967 656244.403597856 13708.0995309335 25.2777239375207 18.1684172116261 29.8484778136243
6071600 263.312284648575 2664100.19534777 121216.866421388 2259.68076067816 123476.547182066 656079.650786062 13708.0995309335 25.2777239375207 18.1684172116261 29.8484778136243
6071700 277.326367413516 2664538.50331822 121175.940861202 2379.94614535154 123555.887006553 656246.616513584 13708.0995309335 25.2777239375207 18.1684172116261 29.8484778136243
6071800 272.210458985646 2662704.0745732 121251.433633962 2336.04268728357 123587.476321246 655911.469455282 13708.0995309335 25.2777239375207 18.1684172116261 29.8484778136243
6071900 278.408219498014 2664150.36047485 121167.150200898 2389.2303317863 123556.380532685 656169.51307719 13708.0995309335 25.2777239375207 18.1684172116261 29.8484778136243
6072000 271.414720252925 2663216.96544955 121152.052533734 2329.21385471598 123481.26638845 655907.795933478 13708.0995309335 25.2777239375207 18.1684172116261 29.8484778136243
6072100 270.740357411599 2662416.52090996 121114.220410533 2323.42663996338 123437.647050496 655704.15286714 13708.0995309335 25.2777239375207 18.1684172116261 29.8484778136243
6072200 275.494697429899 2663344.64051587 121098.565684803 2364.22720756094 123462.792892364 655914.847054181 13708.0995309335 25.2777239375207 18.1684172116261 29.8484778136243
6072300 273.4157379519 2660983.76762583 121149.082194199 2346.38609262424 123495.468286823 655475.540114551 13708.0995309335 25.2777239375207 18.1684172116261 29.8484778136243
6072400 271.710776603031 2662828.98083029 121215.619879441 2331.75453693028 123547.374416371 655896.338630812 13708.0995309335 25.2777239375207 18.1684172116261 29.8484778136243
6072500 280.158573947479 2665008.07165648 121175.446244416 2404.25143981817 123579.697684234 656364.302622358 13708.0995309335 25.2777239375207 18.1684172116261 29.8484778136243
6072600 277.630863073285 2664078.32168643 121186.50784925 2382.55925162955 123569.06710088 656167.79775376 13708.0995309335 25.2777239375207 18.1684172116261 29.8484778136243
6072700 268.832616211115 2664473.60998832 121172.40316738 2307.0548778451 123479.458045225 656157.214170486 13708.0995309335 25.2777239375207 18.1684172116261 29.8484778136243
6072800 271.425425811642 2661015.62099169 121125.782109414 2329.30572716734 123455.087836581 655441.527743687 13708.0995309335 25.2777239375207 18.1684172116261 29.8484778136243
6072900 272.325613915864 2664092.62699764 121163.693889177 2337.03091835171 123500.724807529 656102.315357782 13708.0995309335 25.2777239375207 18.1684172116261 29.8484778136243
6073000 276.816016374691 2661036.11861775 121163.944055841 2375.56643923505 123539.510495076 655530.048258289 13708.0995309335 25.2777239375207 18.1684172116261 29.8484778136243
6073100 274.158099661211 2660277.57622694 121196.078582811 2352.75685680727 123548.835439618 655387.726492146 13708.0995309335 25.2777239375207 18.1684172116261 29.8484778136243
6073200 268.222302637905 2666677.66869916 121243.781663086 2301.81731803582 123545.598981122 656663.98737388 13708.0995309335 25.2777239375207 18.1684172116261 29.8484778136243
6073300 274.543948136231 2665361.69054569 121157.338813397 2356.06811278116 123513.406926179 656368.706847251 13708.0995309335 25.2777239375207 18.1684172116261 29.8484778136243
6073400 267.712592540975 2660145.92206239 121139.133169883 2297.4431123238 123436.576282207 655249.147222313 13708.0995309335 25.2777239375207 18.1684172116261 29.8484778136243
6073500 265.134763074708 2662088.96555662 121148.234459636 2275.32081880071 123423.555278437 655624.576696973 13708.0995309335 25.2777239375207 18.1684172116261 29.8484778136243
6073600 275.01718734182 2665196.50122708 121147.331191922 2360.12933434359 123507.460526266 656329.736034845 13708.0995309335 25.2777239375207 18.1684172116261 29.8484778136243
6073700 275.06586133978 2664469.43625581 121181.817340473 2360.54704252945 123542.364383002 656219.286101625 13708.0995309335 25.2777239375207 18.1684172116261 29.8484778136243
6073800 275.296862148899 2663716.96245148 121188.099993504 2362.52943421605 123550.62942772 656077.117658792 13708.0995309335 25.2777239375207 18.1684172116261 29.8484778136243
6073900 273.60917977092 2664059.79262141 121188.573228859 2348.04616236741 123536.619391226 656131.64573991 13708.0995309335 25.2777239375207 18.1684172116261 29.8484778136243
6074000 272.810340693751 2663612.94229768 121140.23653064 2341.19072341222 123481.427254052 655987.119924641 13708.0995309335 25.2777239375207 18.1684172116261 29.8484778136243
6074100 268.373950279125 2660235.9811728 121135.770537752 2303.11872050447 123438.889258256 655269.464687006 13708.0995309335 25.2777239375207 18.1684172116261 29.8484778136243
6074200 273.323358968052 2660750.67144997 121142.487305953 2345.59331908246 123488.080625036 655421.552198419 13708.0995309335 25.2777239375207 18.1684172116261 29.8484778136243
6074300 277.817489859716 2661175.28520809 121184.762756052 2384.16083645225 123568.923592504 655587.283341564 13708.0995309335 25.2777239375207 18.1684172116261 29.8484778136243
6074400 273.88269338379 2665221.11844842 121222.986235705 2350.39338839832 123573.379624103 656400.576572391 13708.0995309335 25.2777239375207 18.1684172116261 29.8484778136243
6074500 276.940763361735 2662803.51344409 121162.576229035 2376.63698695732 123539.213215992 655883.08602698 13708.0995309335 25.2777239375207 18.1684172116261 29.8484778136243
6074600 269.010551204451 2663751.17830939 121169.389439877 2308.58187185387 123477.971311731 656011.299928217 13708.0995309335 25.2777239375207 18.1684172116261 29.8484778136243
6074700 267.230869726086 2663746.75308381 121143.677977748 2293.30908652915 123436.987064277 655969.43099599 13708.0995309335 25.2777239375207 18.1684172116261 29.8484778136243
6074800 267.456116856656 2667794.49463154 121173.770776692 2295.24210157258 123469.012878264 656810.675515291 13708.0995309335 25.2777239375207 18.1684172116261 29.8484778136243
6074900 273.512581036378 2659467.41229875 121215.161270763 2347.21717597111 123562.378446734 655239.3026846 13708.0995309335 25.2777239375207 18.1684172116261 29.8484778136243
6075000 282.854219616926 2663254.78046202 121154.447313157 2427.38480279432 123581.832115951 656015.921584227 13708.0995309335 25.2777239375207 18.1684172116261 29.8484778136243
6075100 271.967659623846 2663107.92019984 121219.497126427 2333.95904334233 123553.456169769 655958.185544318 13708.0995309335 25.2777239375207 18.1684172116261 29.8484778136243
6075200 272.873934666047 2663968.44301769 121140.78930203 2341.73647111968 123482.525773149 656059.28963961 13708.0995309335 25.2777239375207 18.1684172116261 29.8484778136243
6075300 273.56058721396 2662313.15022082 121114.084384319 2347.62915308802 123461.713537407 655707.553633612 13708.0995309335 25.2777239375207 18.1684172116261 29.8484778136243
6075400 274.698829076575 2663259.35758396 121176.940213121 2357.39726262146 123534.337475742 655969.341995696 13708.0995309335 25.2777239375207 18.1684172116261 29.8484778136243
6075500 278.945693815605 2663291.57199572 121216.85519694 2393.84280315823 123610.698000098 656052.142779209 13708.0995309335 25.2777239375207 18.1684172116261 29.8484778136243
6075600 279.933444222577 2664107.25508235 121176.776802719 2402.31943232107 123579.09623504 656183.611211081 13708.0995309335 25.2777239375207 18.1684172116261 29.8484778136243
6075700 273.597603111442 2662437.90925522 121174.870466566 2347.94681434522 123522.817280911 655793.599024971 13708.0995309335 25.2777239375207 18.1684172116261 29.8484778136243
6075800 274.245226406143 2665289.04225922 121131.456454097 2353.50455693652 123484.961011034 656325.737190502 13708.0995309335 25.2777239375207 18.1684172116261 29.8484778136243
6075900 267.788412634864 2663788.84746943 121203.30960363 2298.09378157633 123501.403385206 656042.262766332 13708.0995309335 25.2777239375207 18.1684172116261 29.8484778136243
6076000 275.611959790199 2664782.4046122 121232.428558681 2365.23352407168 123597.662082753 656337.151987899 13708.0995309335 25.2777239375207 18.1684172116261 29.8484778136243
6076100 272.207913758608 2664917.5298525 121278.114038494 2336.02084477601 123614.13488327 656380.63883334 13708.0995309335 25.2777239375207 18.1684172116261 29.8484778136243
6076200 278.214271126986 2664185.40189402 121179.51597407 2387.56591493936 123567.081889009 656187.219863955 13708.0995309335 25.2777239375207 18.1684172116261 29.8484778136243
6076300 269.881062141968 2662767.91242696 121210.907918339 2316.05238094953 123526.960299289 655863.715805813 13708.0995309335 25.2777239375207 18.1684172116261 29.8484778136243
6076400 269.534619759012 2664088.41371449 121204.991219405 2313.0792982903 123518.070517695 656118.818754402 13708.0995309335 25.2777239375207 18.1684172116261 29.8484778136243
6076500 268.771121917046 2662072.65478307 121220.264490403 2306.52714905575 123526.791639458 655724.552231456 13708.0995309335 25.2777239375207 18.1684172116261 29.8484778136243
6076600 277.415846610988 2664907.1907509 121172.512683466 2380.7140336454 123553.226717111 656317.663688767 13708.0995309335 25.2777239375207 18.1684172116261 29.8484778136243
6076700 279.392706267889 2663269.79628442 121263.652087408 2397.67895322452 123661.331040632 656098.422450662 13708.0995309335 25.2777239375207 18.1684172116261 29.8484778136243
6076800 279.538908418406 2662080.17161966 121256.615083484 2398.93362384171 123655.548707325 655854.812054552 13708.0995309335 25.2777239375207 18.1684172116261 29.8484778136243
6076900 279.580707659642 2662420.88248863 121169.605455802 2399.29233456938 123568.897790372 655836.275567588 13708.0995309335 25.2777239375207 18.1684172116261 29.8484778136243
6077000 271.882271222201 2663084.26853666 121197.295085078 2333.2262612443 123530.521346323 655930.522314172 13708.0995309335 25.2777239375207 18.1684172116261 29.8484778136243
6077100 267.200869346182 2666387.00754612 121218.247573521 2293.05163070489 123511.299204226 656571.579034674 13708.0995309335 25.2777239375207 18.1684172116261 29.8484778136243
6077200 272.681097359846 2664878.93147844 121174.451127968 2340.08158915569 123514.532717123 656273.320135415 13708.0995309335 25.2777239375207 18.1684172116261 29.8484778136243
6077300 275.092291698761 2663844.30019689 121221.191642704 2360.77386131904 123581.965504023 656133.910915172 13708.0995309335 25.2777239375207 18.1684172116261 29.8484778136243
6077400 278.753781485057 2665103.79085452 121236.371236608 2392.19585910602 123628.567095714 656432.308079109 13708.0995309335 25.2777239375207 18.1684172116261 29.8484778136243
6077500 278.005032035577 2666061.05766113 121192.585990491 2385.77027692015 123578.356267411 656573.472662688 13708.0995309335 25.2777239375207 18.1684172116261 29.8484778136243
6077600 271.216240505322 2661034.77697846 121178.306522689 2327.51055071844 123505.817073407 655496.086618011 13708.0995309335 25.2777239375207 18.1684172116261 29.8484778136243
6077700 272.749701596707 2661407.92117868 121164.794693482 2340.67033371177 123505.465027193 655570.333027019 13708.0995309335 25.2777239375207 18.1684172116261 29.8484778136243
6077800 274.483623938762 2661095.99203636 121176.282657295 2355.5504254708 123531.833082766 655534.340654258 13708.0995309335 25.2777239375207 18.1684172116261 29.8484778136243
6077900 275.347847847756 2662589.55515893 121213.554293588 2362.96698084602 123576.521274434 655877.619850836 13708.0995309335 25.2777239375207 18.1684172116261 29.8484778136243
6078000 277.337612882208 2662518.8989115 121255.789490128 2380.04265117649 123635.832141304 655922.8052217 13708.0995309335 25.2777239375207 18.1684172116261 29.8484778136243
6078100 283.412503636227 2664399.96481375 121220.344539851 2432.17585786831 123652.520397719 656315.553484931 13708.0995309335 25.2777239375207 18.1684172116261 29.8484778136243
6078200 276.064572336968 2664243.85528002 121183.492747868 2369.11773276077 123552.610480629 656184.434372964 13708.0995309335 25.2777239375207 18.1684172116261 29.8484778136243
6078300 273.311232468329 2659597.5905536 121163.474672345 2345.48925246759 123508.963924812 655211.913213341 13708.0995309335 25.2777239375207 18.1684172116261 29.8484778136243
6078400 271.359850375947 2664899.22085388 121170.781019734 2328.74297503214 123499.523994766 656262.367635999 13708.0995309335 25.2777239375207 18.1684172116261 29.8484778136243
6078500 273.511040197117 2662818.97506283 121188.962613421 2347.20395287049 123536.166566291 655883.130442002 13708.0995309335 25.2777239375207 18.1684172116261 29.8484778136243
6078600 277.127898049198 2664432.76708789 121229.619234076 2378.24293046079 123607.862164537 656277.453035516 13708.0995309335 25.2777239375207 18.1684172116261 29.8484778136243
6078700 273.364059316482 2664964.30784197 121280.962164859 2345.94259938445 123626.904764243 656402.760503116 13708.0995309335 25.2777239375207 18.1684172116261 29.8484778136243
6078800 270.327223461028 2666394.95089253 121192.22823589 2319.88122680146 123512.109462691 656573.9773156 13708.0995309335 25.2777239375207 18.1684172116261 29.8484778136243
6078900 273.980332280623 2667416.51010949 121133.319474232 2351.23130120957 123484.550775442 656750.647287024 13708.0995309335 25.2777239375207 18.1684172116261 29.8484778136243
6079000 269.769443693395 2663928.90097301 121201.934336346 2315.0944990903 123517.028835436 656085.887512838 13708.0995309335 25.2777239375207 18.1684172116261 29.8484778136243
6079100 277.433105184464 2665338.81560298 121189.455060071 2380.86214244515 123570.317202516 656421.043997733 13708.0995309335 25.2777239375207 18.1684172116261 29.8484778136243
6079200 275.106342249188 2666283.89212888 121238.225734295 2360.89443966015 123599.120173956 656638.785317557 13708.0995309335 25.2777239375207 18.1684172116261 29.8484778136243
6079300 273.810087505177 2664107.32317569 121188.080025484 2349.77030274459 123537.850328229 656142.378917394 13708.0995309335 25.2777239375207 18.1684172116261 29.8484778136243
6079400 269.21321512879 2664178.07241643 121148.590360015 2310.32108341903 123458.911443434 656077.584119696 13708.0995309335 25.2777239375207 18.1684172116261 29.8484778136243
6079500 265.370368756156 2662834.18115705 121203.762989549 2277.34272836024 123481.105717909 655831.109574244 13708.0995309335 25.2777239375207 18.1684172116261 29.8484778136243
6079600 276.486398283441 2666138.01123242 121169.686004331 2372.73773847707 123542.423742808 656552.924586078 13708.0995309335 25.2777239375207 18.1684172116261 29.8484778136243
6079700 280.655281802892 2662151.18996568 121163.787237898 2408.5140635163 123572.301301414 655785.762534879 13708.0995309335 25.2777239375207 18.1684172116261 29.8484778136243
6079800 275.706090085026 2662965.45177324 121195.270089074 2366.04132693018 123561.311416004 655937.55870632 13708.0995309335 25.2777239375207 18.1684172116261 29.8484778136243
6079900 269.545479641716 2661487.46646367 121228.621698457 2313.17249511187 123541.794193569 655622.564773085 13708.0995309335 25.2777239375207 18.1684172116261 29.8484778136243
6080000 272.767199366198 2664525.54603333 121190.825765566 2340.82049523244 123531.646260799 656219.785365952 13708.0995309335 25.2777239375207 18.1684172116261 29.8484778136243
6080100 276.869136136915 2665034.26529683 121153.978113357 2376.02229986786 123530.000413225 656319.841946492 13708.0995309335 25.2777239375207 18.1684172116261 29.8484778136243
6080200 272.341835351295 2663232.58479515 121190.660857445 2337.17012668983 123527.830984134 655957.483126411 13708.0995309335 25.2777239375207 18.1684172116261 29.8484778136243
6080300 271.599135381754 2663325.88356202 121200.881093091 2330.79645964134 123531.677552733 655979.981851142 13708.0995309335 25.2777239375207 18.1684172116261 29.8484778136243
6080400 275.511010793646 2664808.17304846 121174.111742125 2364.36720480509 123538.47894693 656283.120441026 13708.0995309335 25.2777239375207 18.1684172116261 29.8484778136243
6080500 273.466489767892 2661710.78194751 121204.028472264 2346.82163212942 123550.850104394 655676.265596284 13708.0995309335 25.2777239375207 18.1684172116261 29.8484778136243
6080600 276.055634139885 2665127.47117663 121178.508013143 2369.04102736888 123547.549040512 656356.024160061 13708.0995309335 25.2777239375207 18.1684172116261 29.8484778136243
6080700 272.135472606159 2667384.42872163 121183.625781052 2335.3991727614 123519.024953813 656778.707800185 13708.0995309335 25.2777239375207 18.1684172116261 29.8484778136243
6080800 270.682412081457 2661414.55363384 121145.024930143 2322.92936750278 123467.954297646 655534.148248429 13708.0995309335 25.2777239375207 18.1684172116261 29.8484778136243
6080900 275.38733681865 2661950.86420608 121088.878794607 2363.30586540625 123452.184660013 655625.597053919 13708.0995309335 25.2777239375207 18.1684172116261 29.8484778136243
6081000 275.141964473005 2660083.19543115 121176.34590887 2361.20014075541 123537.546049625 655337.576771261 13708.0995309335 25.2777239375207 18.1684172116261 29.8484778136243
6081100 280.446008847352 2662019.64997464 121178.8660307 2406.71813488352 123585.584165583 655772.748112032 13708.0995309335 25.2777239375207 18.1684172116261 29.8484778136243
6081200 274.003672315931 2665094.9162211 121218.468693983 2351.43159960738 123569.90029359 656371.867072956 13708.0995309335 25.2777239375207 18.1684172116261 29.8484778136243
6081300 271.408292982737 2662322.80941112 121179.6752781 2329.15869747633 123508.833975576 655756.605123302 13708.0995309335 25.2777239375207 18.1684172116261 29.8484778136243
6081400 267.942568122612 2668083.46086302 121165.560942143 2299.41670576227 123464.977647905 656864.410000948 13708.0995309335 25.2777239375207 18.1684172116261 29.8484778136243
6081500 270.76123301038 2666418.95088155 121160.247364068 2323.60578917776 123483.853153246 656550.51904966 13708.0995309335 25.2777239375207 18.1684172116261 29.8484778136243
6081600 283.287770659122 2662450.0002061 121183.998462551 2431.10543037586 123615.103892927 655888.302842608 13708.0995309335 25.2777239375207 18.1684172116261 29.8484778136243
6081700 277.521973998031 2661879.284086 121225.396695898 2381.62479257562 123607.021488474 655766.123687073 13708.0995309335 25.2777239375207 18.1684172116261 29.8484778136243
6081800 272.125381785377 2664391.84581035 121200.923299507 2335.31257583862 123536.235875346 656197.645823003 13708.0995309335 25.2777239375207 18.1684172116261 29.8484778136243
6081900 270.025698181269 2661979.82527542 121168.228698889 2317.29361158845 123485.522310477 655664.724559974 13708.0995309335 25.2777239375207 18.1684172116261 29.8484778136243
6082000 273.701755370118 2660977.84750515 121137.212410035 2348.84062321337 123486.053033249 655464.94131891 13708.0995309335 25.2777239375207 18.1684172116261 29.8484778136243
6082100 277.576242611368 2661885.22530812 121167.00554085 2382.09051236393 123549.096053214 655709.38601245 13708.0995309335 25.2777239375207 18.1684172116261 29.8484778136243
6082200 278.263870374966 2663155.66197386 121222.923643451 2387.99156339155 123610.915206842 656025.189048623 13708.0995309335 25.2777239375207 18.1684172116261 29.8484778136243
6082300 272.820371673055 2665723.28406989 121246.692568836 2341.27680679027 123587.969375626 656515.558557279 13708.0995309335 25.2777239375207 18.1684172116261 29.8484778136243
6082400 275.651447169716 2660345.53008239 121186.45605023 2365.57239497512 123552.028445205 655404.504735396 13708.0995309335 25.2777239375207 18.1684172116261 29.8484778136243
6082500 272.662351001955 2660645.9345794 121191.282001995 2339.92071255885 123531.202714554 655443.735442459 13708.0995309335 25.2777239375207 18.1684172116261 29.8484778136243
6082600 274.041868936735 2662685.70873577 121167.686468783 2351.75939353948 123519.445862322 655839.767324386 13708.0995309335 25.2777239375207 18.1684172116261 29.8484778136243
6082700 271.466477211809 2662153.96929023 121190.435619474 2329.65802010833 123520.093639582 655734.11051164 13708.0995309335 25.2777239375207 18.1684172116261 29.8484778136243
6082800 277.721915176394 2663452.74175226 121158.526202831 2383.3406382097 123541.86684104 656015.532447542 13708.0995309335 25.2777239375207 18.1684172116261 29.8484778136243
6082900 277.342162777138 2663975.68899973 121197.473746839 2380.08169724701 123577.555444086 656155.767916922 13708.0995309335 25.2777239375207 18.1684172116261 29.8484778136243
6083000 281.905656754682 2663809.07078833 121158.632275791 2419.24447142707 123577.876747218 656122.779145355 13708.0995309335 25.2777239375207 18.1684172116261 29.8484778136243
6083100 271.577729882484 2661779.3890694 121183.45614774 2330.6127629523 123514.068910692 655653.20024034 13708.0995309335 25.2777239375207 18.1684172116261 29.8484778136243
6083200 266.976470199408 2664514.81090817 121175.073955651 2291.12589284821 123466.199848499 656152.192802774 13708.0995309335 25.2777239375207 18.1684172116261 29.8484778136243
6083300 275.043375813032 2664997.66951372 121121.279056933 2360.35407731229 123481.633134246 656264.158490855 13708.0995309335 25.2777239375207 18.1684172116261 29.8484778136243
6083400 270.812304493848 2665037.2002974 121239.433523695 2324.04407199 123563.477595685 656353.905890072 13708.0995309335 25.2777239375207 18.1684172116261 29.8484778136243
6083500 275.814738792572 2661792.29939015 121229.3535072 2366.97372320802 123596.327230408 655738.039572929 13708.0995309335 25.2777239375207 18.1684172116261 29.8484778136243
6083600 273.135929003171 2664368.47672164 121227.064706371 2343.98484158138 123571.049547953 656227.787580791 13708.0995309335 25.2777239375207 18.1684172116261 29.8484778136243
6083700 274.783737132491 2661431.84372962 121164.338487141 2358.12592251151 123522.464409652 655592.114971672 13708.0995309335 25.2777239375207 18.1684172116261 29.8484778136243
6083800 270.536898626589 2662753.21726377 121165.108961492 2321.68060710095 123486.789568593 655820.607239094 13708.0995309335 25.2777239375207 18.1684172116261 29.8484778136243
6083900 272.104166395169 2660087.11752299 121153.714596757 2335.13051061843 123488.845107375 655289.659928008 13708.0995309335 25.2777239375207 18.1684172116261 29.8484778136243
6084000 271.837611859826 2661432.46458367 121251.760759269 2332.84300566593 123584.603764935 655654.37844721 13708.0995309335 25.2777239375207 18.1684172116261 29.8484778136243
6084100 276.969838857191 2663545.86544008 121234.353394879 2376.88650565249 123611.239900531 656103.522661612 13708.0995309335 25.2777239375207 18.1684172116261 29.8484778136243
6084200 278.23630692926 2663725.25234036 121178.604341085 2387.75502073254 123566.359361818 656094.504895627 13708.0995309335 25.2777239375207 18.1684172116261 29.8484778136243
6084300 271.919927974314 2665826.95044346 121181.130914372 2333.5494221571 123514.680336529 656462.994351428 13708.0995309335 25.2777239375207 18.1684172116261 29.8484778136243
6084400 269.82242355981 2662500.03813175 121193.468913029 2315.54915917196 123509.018072201 655792.220532464 13708.0995309335 25.2777239375207 18.1684172116261 29.8484778136243
6084500 273.275629474829 2662635.6273871 121175.198601524 2345.18371640215 123520.382317926 655830.691588339 13708.0995309335 25.2777239375207 18.1684172116261 29.8484778136243
6084600 271.912975059139 2667417.1383605 121210.753152483 2333.48975396246 123544.242906446 656810.465017071 13708.0995309335 25.2777239375207 18.1684172116261 29.8484778136243
6084700 275.727795944538 2664813.9123591 121206.175785282 2366.22760123637 123572.403386518 656318.192275396 13708.0995309335 25.2777239375207 18.1684172116261 29.8484778136243
6084800 280.319547078054 2663480.63316441 121231.798336214 2405.63287132498 123637.431207539 656116.672825295 13708.0995309335 25.2777239375207 18.1684172116261 29.8484778136243
6084900 282.390847267145 2663295.14122673 121187.399202199 2423.40825614277 123610.807458342 656052.965793017 13708.0995309335 25.2777239375207 18.1684172116261 29.8484778136243
6085000 269.420579517173 2662939.62911824 121214.114827851 2312.10063320154 123526.215461052 655897.300323085 13708.0995309335 25.2777239375207 18.1684172116261 29.8484778136243
6085100 267.98964271474 2663098.18962348 121203.603147331 2299.82068824372 123503.423835574 655906.207887205 13708.0995309335 25.2777239375207 18.1684172116261 29.8484778136243
6085200 273.935497694576 2663458.80904535 121160.743135819 2350.84654190508 123511.589677724 655986.468248787 13708.0995309335 25.2777239375207 18.1684172116261 29.8484778136243
6085300 277.470921050136 2664635.35868603 121185.114700796 2381.18666883107 123566.301369627 656276.394063368 13708.0995309335 25.2777239375207 18.1684172116261 29.8484778136243
6085400 272.99714564767 2664471.38354664 121299.748255086 2342.79383722415 123642.54209231 656319.853110531 13708.0995309335 25.2777239375207 18.1684172116261 29.8484778136243
6085500 281.331602771699 2665440.5490611 121191.933151641 2414.3180824336 123606.251234075 656477.316436847 13708.0995309335 25.2777239375207 18.1684172116261 29.8484778136243
6085600 272.773163854119 2659444.31734995 121194.313898333 2340.87168098938 123535.185579323 655207.492708031 13708.0995309335 25.2777239375207 18.1684172116261 29.8484778136243
6085700 273.152191318068 2660618.49321561 121178.363692011 2344.12440073695 123522.488092748 655429.534782422 13708.0995309335 25.2777239375207 18.1684172116261 29.8484778136243
6085800 273.18933154237 2664446.95005874 121177.826188343 2344.44312893611 123522.269317279 656194.69562752 13708.0995309335 25.2777239375207 18.1684172116261 29.8484778136243
6085900 270.209688143716 2662442.95676119 121219.207794541 2318.8725678413 123538.080362383 655809.871196622 13708.0995309335 25.2777239375207 18.1684172116261 29.8484778136243
6086000 271.273808616462 2664169.37283113 121241.581460303 2328.00458597907 123569.586046282 656186.519513884 13708.0995309335 25.2777239375207 18.1684172116261 29.8484778136243
6086100 280.265448590662 2661704.67504286 121187.71056161 2405.16861151537 123592.879173125 655717.073781366 13708.0995309335 25.2777239375207 18.1684172116261 29.8484778136243
6086200 273.351953080812 2664934.10426961 121222.120213127 2345.83870667066 123567.958919797 656337.776403649 13708.0995309335 25.2777239375207 18.1684172116261 29.8484778136243
6086300 270.414326643821 2664369.87442641 121168.186432844 2320.62872472626 123488.81515757 656145.832617549 13708.0995309335 25.2777239375207 18.1684172116261 29.8484778136243
6086400 268.704514508701 2664589.15995673 121164.04600098 2305.95554078704 123470.001541767 656170.858251571 13708.0995309335 25.2777239375207 18.1684172116261 29.8484778136243
6086500 273.414369519124 2662775.27948533 121167.20698466 2346.37434907333 123513.581333733 655851.809652037 13708.0995309335 25.2777239375207 18.1684172116261 29.8484778136243
6086600 282.294840673839 2662467.85887616 121157.323973768 2422.5843513558 123579.908325124 655856.677554599 13708.0995309335 25.2777239375207 18.1684172116261 29.8484778136243
6086700 277.576572569653 2665608.44355461 121203.923820339 2382.09334398415 123586.017164323 656490.647594288 13708.0995309335 25.2777239375207 18.1684172116261 29.8484778136243
6086800 270.78754639686 2666034.71319517 121243.71225057 2323.83160413834 123567.543854708 656557.393502001 13708.0995309335 25.2777239375207 18.1684172116261 29.8484778136243
6086900 272.469443552299 2664440.11982885 121186.638355152 2338.26522864111 123524.903583793 656195.964404235 13708.0995309335 25.2777239375207 18.1684172116261 29.8484778136243
6087000 269.792856059397 2663307.85115915 121173.787884417 2315.29541821219 123489.083302629 655933.78258883 13708.0995309335 25.2777239375207 18.1684172116261 29.8484778136243
6087100 267.156605440123 2659164.33291206 121188.093883051 2292.67176883462 123480.765651886 655097.098691916 13708.0995309335 25.2777239375207 18.1684172116261 29.8484778136243
6087200 273.36945927323 2661733.37664321 121207.235851194 2345.9889404748 123553.224791669 655683.157382832 13708.0995309335 25.2777239375207 18.1684172116261 29.8484778136243
6087300 277.531199307137 2668610.34604299 121227.698630487 2381.70396189172 123609.402592378 657114.169077593 13708.0995309335 25.2777239375207 18.1684172116261 29.8484778136243
6087400 280.503865161453 2660792.07191965 121169.875274079 2407.21464343052 123577.089917509 655518.838213622 13708.0995309335 25.2777239375207 18.1684172116261 29.8484778136243
6087500 268.481466895615 2661590.95515045 121202.959236713 2304.04140145747 123507.00063817 655608.460528046 13708.0995309335 25.2777239375207 18.1684172116261 29.8484778136243
6087600 270.990272248618 2664027.88549626 121168.489321764 2325.57134714926 123494.060668913 656082.708190737 13708.0995309335 25.2777239375207 18.1684172116261 29.8484778136243
6087700 274.518328860128 2662950.89997567 121157.691116673 2355.84825450379 123513.539371176 655886.877486918 13708.0995309335 25.2777239375207 18.1684172116261 29.8484778136243
6087800 275.447078753095 2664989.77557731 121180.636299619 2363.81855587967 123544.454855499 656325.402067621 13708.0995309335 25.2777239375207 18.1684172116261 29.8484778136243
6087900 278.813999412762 2661922.72099815 121191.824280989 2392.71263443561 123584.536915425 655752.322959422 13708.0995309335 25.2777239375207 18.1684172116261 29.8484778136243
6088000 276.389025183222 2663097.29288968 121286.670741814 2371.90210666648 123658.57284848 656061.177626371 13708.0995309335 25.2777239375207 18.1684172116261 29.8484778136243
6088100 279.371287573924 2661795.2771068 121245.756199968 2397.49514330188 123643.25134327 655785.558986649 13708.0995309335 25.2777239375207 18.1684172116261 29.8484778136243
6088200 272.819282419047 2667374.33817039 121203.127307915 2341.26745908237 123544.394766998 656802.060324787 13708.0995309335 25.2777239375207 18.1684172116261 29.8484778136243
6088300 267.628275467876 2663886.7788061 121216.256854221 2296.7195241018 123512.976378322 656073.414052314 13708.0995309335 25.2777239375207 18.1684172116261 29.8484778136243
6088400 268.567960859522 2660787.82775578 121199.351718036 2304.78367121681 123504.135389253 655445.03519819 13708.0995309335 25.2777239375207 18.1684172116261 29.8484778136243
6088500 273.433768124104 2663712.50956067 121169.496015143 2346.54082309302 123516.036838236 656041.634853742 13708.0995309335 25.2777239375207 18.1684172116261 29.8484778136243
6088600 275.772815263366 2661636.9140144 121209.048597195 2366.61394587179 123575.662543067 655686.31046334 13708.0995309335 25.2777239375207 18.1684172116261 29.8484778136243
6088700 278.599585517041 2664273.74532136 121226.69577617 2390.87258752845 123617.568363698 656255.367830382 13708.0995309335 25.2777239375207 18.1684172116261 29.8484778136243
6088800 275.852523291237 2665551.80375101 121200.109065287 2367.29798041006 123567.407045697 656460.714127074 13708.0995309335 25.2777239375207 18.1684172116261 29.8484778136243
6088900 267.860416275899 2661087.07037674 121189.388564179 2298.71169897643 123488.100263156 655488.824229207 13708.0995309335 25.2777239375207 18.1684172116261 29.8484778136243
6089000 267.891586200622 2662547.59893257 121193.767621892 2298.97919154444 123492.746813437 655785.457561027 13708.0995309335 25.2777239375207 18.1684172116261 29.8484778136243
6089100 270.022764034732 2664915.32778412 121222.567339548 2317.26843147014 123539.835771018 656305.899486726 13708.0995309335 25.2777239375207 18.1684172116261 29.8484778136243
6089200 271.146118189871 2663131.2539173 121261.028788075 2326.90877838818 123587.937566463 655997.331784459 13708.0995309335 25.2777239375207 18.1684172116261 29.8484778136243
6089300 280.678710431609 2663228.43729086 121192.513784545 2408.7151222008 123601.228906746 656030.051885893 13708.0995309335 25.2777239375207 18.1684172116261 29.8484778136243
6089400 270.835828409053 2663441.68442072 121201.801519191 2324.24594839951 123526.047467591 655997.502508173 13708.0995309335 25.2777239375207 18.1684172116261 29.8484778136243
6089500 271.163479578667 2662025.97842589 121139.704051272 2327.05776952353 123466.761820795 655655.190942174 13708.0995309335 25.2777239375207 18.1684172116261 29.8484778136243
6089600 271.895002618688 2661505.8985448 121150.058423479 2333.33551893327 123483.393942412 655567.849437246 13708.0995309335 25.2777239375207 18.1684172116261 29.8484778136243
6089700 275.374870961009 2661473.37005791 121190.594041994 2363.19888650584 123553.7929285 655631.745374725 13708.0995309335 25.2777239375207 18.1684172116261 29.8484778136243
6089800 270.107551522046 2664096.15815878 121273.028478723 2317.99605667033 123591.024535393 656193.321030335 13708.0995309335 25.2777239375207 18.1684172116261 29.8484778136243
6089900 273.536457266774 2662020.88042336 121221.341453367 2347.42207586226 123568.763529229 655756.173465228 13708.0995309335 25.2777239375207 18.1684172116261 29.8484778136243
6090000 268.332334600107 2658233.46466569 121242.068510054 2302.76158506225 123544.830095116 654975.0652857 13708.0995309335 25.2777239375207 18.1684172116261 29.8484778136243
6090100 278.513840609073 2665021.5999105 121139.380139559 2390.13674598152 123529.51688554 656316.826372873 13708.0995309335 25.2777239375207 18.1684172116261 29.8484778136243
6090200 274.492310377966 2665086.18042079 121168.582861063 2355.62497033897 123524.207831402 656324.428162056 13708.0995309335 25.2777239375207 18.1684172116261 29.8484778136243
6090300 269.259880201632 2665197.91580248 121206.847814774 2310.72155150747 123517.569366281 656340.127674754 13708.0995309335 25.2777239375207 18.1684172116261 29.8484778136243
6090400 271.100262391194 2663287.72966237 121193.462001814 2326.51525529004 123519.977257104 655960.653882425 13708.0995309335 25.2777239375207 18.1684172116261 29.8484778136243
6090500 279.001843236964 2663425.66681094 121151.085974425 2394.3246635748 123545.410638 656013.663460927 13708.0995309335 25.2777239375207 18.1684172116261 29.8484778136243
6090600 274.809662808834 2660913.76890096 121217.938179802 2358.34841023979 123576.286590042 655542.364372733 13708.0995309335 25.2777239375207 18.1684172116261 29.8484778136243
6090700 277.512743652959 2662240.30136641 121185.240559994 2381.5455800421 123566.786140036 655798.062397379 13708.0995309335 25.2777239375207 18.1684172116261 29.8484778136243
6090800 273.657645936303 2663351.3701871 121144.993089653 2348.4620869856 123493.455176639 655946.85472471 13708.0995309335 25.2777239375207 18.1684172116261 29.8484778136243
6090900 267.917272369956 2662714.65746006 121157.825709429 2299.19962388293 123457.025333312 655783.134182962 13708.0995309335 25.2777239375207 18.1684172116261 29.8484778136243
6091000 268.083848467487 2664283.26400515 121190.311076786 2300.62913866339 123490.94021545 656130.642643791 13708.0995309335 25.2777239375207 18.1684172116261 29.8484778136243
6091100 276.400288356859 2667362.692282 121198.928198785 2371.99876443087 123570.926963216 656826.264291642 13708.0995309335 25.2777239375207 18.1684172116261 29.8484778136243
6091200 278.969934689802 2662777.60600471 121180.440213685 2394.0508323321 123574.491046017 655913.184478752 13708.0995309335 25.2777239375207 18.1684172116261 29.8484778136243
6091300 271.889507723591 2661682.98957813 121208.182394407 2333.28836310554 123541.470757512 655661.330038637 13708.0995309335 25.2777239375207 18.1684172116261 29.8484778136243
6091400 272.636876492271 2662390.28244025 121155.65744912 2339.70209663101 123495.359545751 655756.619805029 13708.0995309335 25.2777239375207 18.1684172116261 29.8484778136243
6091500 271.523442120925 2660090.73418844 121140.929898045 2330.1468788387 123471.076776884 655272.614636104 13708.0995309335 25.2777239375207 18.1684172116261 29.8484778136243
6091600 276.70220362485 2665649.00123977 121126.313472095 2374.58972642622 123500.903198521 656413.641862939 13708.0995309335 25.2777239375207 18.1684172116261 29.8484778136243
6091700 277.543431681522 2665173.54853627 121204.87925339 2381.80893709671 123586.688190487 656404.375029922 13708.0995309335 25.2777239375207 18.1684172116261 29.8484778136243
6091800 277.409027936824 2663438.10645432 121212.864267758 2380.65551747383 123593.519785232 656064.259523886 13708.0995309335 25.2777239375207 18.1684172116261 29.8484778136243
6091900 271.425169907814 2665874.49179294 121204.631481177 2329.30353106413 123533.935012241 656491.753425783 13708.0995309335 25.2777239375207 18.1684172116261 29.8484778136243
6092000 267.764915872967 2662121.80824385 121184.867113714 2297.89213818978 123482.759251904 655690.346533532 13708.0995309335 25.2777239375207 18.1684172116261 29.8484778136243
6092100 268.362136339875 2662686.96796911 121187.110892513 2303.0173362061 123490.12822872 655810.701434913 13708.0995309335 25.2777239375207 18.1684172116261 29.8484778136243
6092200 273.853172470421 2660555.45083424 121162.6569529 2350.14004723701 123512.797000137 655407.240347026 13708.0995309335 25.2777239375207 18.1684172116261 29.8484778136243
6092300 273.032190606232 2663978.68426342 121201.364776158 2343.09458437207 123544.45936053 656123.270642202 13708.0995309335 25.2777239375207 18.1684172116261 29.8484778136243
6092400 269.177953191622 2665044.91013124 121256.817776272 2310.01847421449 123566.836250487 656358.805883835 13708.0995309335 25.2777239375207 18.1684172116261 29.8484778136243
6092500 280.184326643172 2661157.6354776 121197.164534748 2404.47244306939 123601.636977817 655616.468217983 13708.0995309335 25.2777239375207 18.1684172116261 29.8484778136243
6092600 272.52994114749 2661858.73647744 121276.77778963 2338.78440400774 123615.562193638 655770.5565437 13708.0995309335 25.2777239375207 18.1684172116261 29.8484778136243
6092700 274.125031224723 2663091.37774255 121192.01852139 2352.47307168188 123544.491593072 655945.913823201 13708.0995309335 25.2777239375207 18.1684172116261 29.8484778136243
6092800 273.621002958327 2664073.59001994 121142.750318959 2348.14762603116 123490.89794499 656088.682649867 13708.0995309335 25.2777239375207 18.1684172116261 29.8484778136243
6092900 270.311985409995 2661720.22675591 121170.199580215 2319.75045762448 123489.95003784 655617.253722328 13708.0995309335 25.2777239375207 18.1684172116261 29.8484778136243
6093000 276.747413891679 2660838.87032364 121177.871798609 2374.97770973006 123552.849508339 655503.953674495 13708.0995309335 25.2777239375207 18.1684172116261 29.8484778136243
6093100 276.82519698816 2664572.52259289 121250.762151304 2375.64522498427 123626.407376288 656323.937968091 13708.0995309335 25.2777239375207 18.1684172116261 29.8484778136243
6093200 276.319681044394 2664264.29173134 121230.084469556 2371.30701245511 123601.391482011 656237.301000488 13708.0995309335 25.2777239375207 18.1684172116261 29.8484778136243
6093300 276.572354617991 2663954.92555023 121178.67181616 2373.47539443452 123552.147210594 656126.20868428 13708.0995309335 25.2777239375207 18.1684172116261 29.8484778136243
6093400 274.943656104758 2662313.86022269 121158.860666669 2359.49830749302 123518.358974162 655764.341012925 13708.0995309335 25.2777239375207 18.1684172116261 29.8484778136243
6093500 268.495852561921 2662087.05909888 121195.352972599 2304.16485567999 123499.517828279 655700.158110508 13708.0995309335 25.2777239375207 18.1684172116261 29.8484778136243
6093600 277.131024672003 2662429.85500298 121132.828632155 2378.26976236271 123511.098394518 655780.269943982 13708.0995309335 25.2777239375207 18.1684172116261 29.8484778136243
6093700 272.624917715945 2665326.19325764 121259.335626814 2339.59946937676 123598.935096191 656447.138450169 13708.0995309335 25.2777239375207 18.1684172116261 29.8484778136243
6093800 278.173495478889 2661745.87879554 121226.793929335 2387.21598843429 123614.009917769 655746.441921359 13708.0995309335 25.2777239375207 18.1684172116261 29.8484778136243
6093900 277.127404259723 2663240.81950968 121164.261103001 2378.2386928819 123542.499795883 655973.798210521 13708.0995309335 25.2777239375207 18.1684172116261 29.8484778136243
6094000 279.625645386317 2664163.7728516 121096.369772403 2399.67797900117 123496.047751405 656111.861679101 13708.0995309335 25.2777239375207 18.1684172116261 29.8484778136243
6094100 272.717337416238 2662386.10403489 121162.25021277 2340.39259233696 123502.642805107 655763.067723558 13708.0995309335 25.2777239375207 18.1684172116261 29.8484778136243
6094200 272.219929179378 2661902.28325546 121196.40580261 2336.12395813885 123532.529760749 655696.229920437 13708.0995309335 25.2777239375207 18.1684172116261 29.8484778136243
6094300 279.003183125098 2662639.19994102 121210.928871527 2394.33616216265 123605.26503369 655916.288523978 13708.0995309335 25.2777239375207 18.1684172116261 29.8484778136243
6094400 277.86254645486 2664839.09406629 121291.926179188 2384.54750098377 123676.473680172 656427.296859961 13708.0995309335 25.2777239375207 18.1684172116261 29.8484778136243
6094500 279.127398887044 2663008.08375537 121214.369726796 2395.4021510428 123609.771877839 655994.542093093 13708.0995309335 25.2777239375207 18.1684172116261 29.8484778136243
6094600 274.021905866489 2663247.16330315 121210.797968112 2351.58807541879 123562.386043531 655994.952700292 13708.0995309335 25.2777239375207 18.1684172116261 29.8484778136243
6094700 272.92225897845 2659989.71492082 121179.097360108 2342.15117839077 123521.248538499 655302.59077011 13708.0995309335 25.2777239375207 18.1684172116261 29.8484778136243
6094800 277.081060528501 2664053.03991095 121108.827971882 2377.84098246759 123486.668954349 656080.345310809 13708.0995309335 25.2777239375207 18.1684172116261 29.8484778136243
6094900 272.310661491664 2664779.11996973 121147.712839866 2336.90260035342 123484.61544022 656223.448684338 13708.0995309335 25.2777239375207 18.1684172116261 29.8484778136243
6095000 268.164796965742 2662485.09072425 121252.728684589 2301.32381861103 123554.0525032 655834.266699118 13708.0995309335 25.2777239375207 18.1684172116261 29.8484778136243
6095100 277.696530945821 2666854.03014744 121222.965119164 2383.12279703481 123606.087916199 656759.734237647 13708.0995309335 25.2777239375207 18.1684172116261 29.8484778136243
6095200 273.667491896304 2662430.73570865 121228.91780347 2348.54658257385 123577.464386044 655846.812004925 13708.0995309335 25.2777239375207 18.1684172116261 29.8484778136243
6095300 272.61289518034 2661559.2731256 121184.341526807 2339.49629495617 123523.837821763 655618.963886509 13708.0995309335 25.2777239375207 18.1684172116261 29.8484778136243
6095400 270.589411727414 2664468.10196013 121193.579045679 2322.13126151601 123515.710307195 656192.365275331 13708.0995309335 25.2777239375207 18.1684172116261 29.8484778136243
6095500 272.13371132631 2662282.10469584 121187.483964028 2335.38405789429 123522.868021923 655762.501541142 13708.0995309335 25.2777239375207 18.1684172116261 29.8484778136243
6095600 267.894147916395 2662625.22672303 121245.857028295 2299.00117555424 123544.858203849 655853.088188364 13708.0995309335 25.2777239375207 18.1684172116261 29.8484778136243
6095700 280.096845055614 2665479.07846993 121192.251114068 2403.72169776868 123595.972811836 656474.740758956 13708.0995309335 25.2777239375207 18.1684172116261 29.8484778136243
6095800 275.669706996904 2663197.62430418 121276.878122094 2365.72909628605 123642.60721838 656065.270109266 13708.0995309335 25.2777239375207 18.1684172116261 29.8484778136243
6095900 271.922683478188 2664338.95761375 121249.728206991 2333.57306920835 123583.301276199 656234.137891177 13708.0995309335 25.2777239375207 18.1684172116261 29.8484778136243
6096000 270.866510123805 2663715.07578895 121184.128725265 2324.50925127056 123508.637976535 656034.749028732 13708.0995309335 25.2777239375207 18.1684172116261 29.8484778136243
6096100 273.404580224518 2664101.47628777 121156.812923883 2346.29033977346 123503.103263656 656106.462951345 13708.0995309335 25.2777239375207 18.1684172116261 29.8484778136243
6096200 274.888293911852 2662937.87490086 121170.855540633 2359.02320287591 123529.878743509 655900.612904909 13708.0995309335 25.2777239375207 18.1684172116261 29.8484778136243
6096300 277.518755734456 2662976.93475553 121214.048110445 2381.59717423532 123595.64528468 655974.188236403 13708.0995309335 25.2777239375207 18.1684172116261 29.8484778136243
6096400 283.123622616009 2664196.68526071 121210.59416182 2429.69675255659 123640.290914377 656262.684643866 13708.0995309335 25.2777239375207 18.1684172116261 29.8484778136243
6096500 271.696954887858 2664709.76796699 121223.321153957 2331.63592239659 123554.957076354 656279.925567201 13708.0995309335 25.2777239375207 18.1684172116261 29.8484778136243
6096600 271.583566472604 2667978.32492298 121155.047295826 2330.66285112202 123485.710146948 656864.123873114 13708.0995309335 25.2777239375207 18.1684172116261 29.8484778136243
6096700 273.039104028784 2662394.9849824 121152.206830427 2343.15391365081 123495.360744078 655757.561128861 13708.0995309335 25.2777239375207 18.1684172116261 29.8484778136243
6096800 273.012875463427 2662605.82175223 121201.57872944 2342.92882660409 123544.507556044 655848.858126531 13708.0995309335 25.2777239375207 18.1684172116261 29.8484778136243
6096900 278.821285526876 2658836.99416672 121203.041640977 2392.77516206095 123595.816803038 655146.708748922 13708.0995309335 25.2777239375207 18.1684172116261 29.8484778136243
6097000 277.393471185491 2666887.4194446 121200.821204483 2380.52201328989 123581.343217773 656741.664679791 13708.0995309335 25.2777239375207 18.1684172116261 29.8484778136243
6097100 267.311392451525 2661867.30830977 121179.43669282 2294.00011260002 123473.43680542 655630.144823952 13708.0995309335 25.2777239375207 18.1684172116261 29.8484778136243
6097200 274.74097607249 2665257.63642604 121098.619843973 2357.7589576936 123456.378801667 656290.87637185 13708.0995309335 25.2777239375207 18.1684172116261 29.8484778136243
6097300 274.303708295277 2663044.44283485 121123.958265039 2354.00643401339 123477.964699052 655870.003769513 13708.0995309335 25.2777239375207 18.1684172116261 29.8484778136243
6097400 278.352252172236 2662198.86247488 121131.308007048 2388.75003406887 123520.058041116 655743.049894489 13708.0995309335 25.2777239375207 18.1684172116261 29.8484778136243
6097500 274.276661133734 2662669.18945706 121225.363831831 2353.7743219771 123579.138153808 655896.157105281 13708.0995309335 25.2777239375207 18.1684172116261 29.8484778136243
6097600 280.174244399829 2662329.32958336 121163.082686448 2404.38591975606 123567.468606204 655816.543257445 13708.0995309335 25.2777239375207 18.1684172116261 29.8484778136243
6097700 270.001322761727 2663695.3078856 121145.234854264 2317.08442777977 123462.319282044 655984.478363254 13708.0995309335 25.2777239375207 18.1684172116261 29.8484778136243
6097800 274.590745040973 2660994.89535615 121078.148478349 2356.46971221829 123434.618190567 655416.914658236 13708.0995309335 25.2777239375207 18.1684172116261 29.8484778136243
6097900 270.753096992249 2659683.59127066 121133.141958131 2323.5359678868 123456.677926018 655176.820354991 13708.0995309335 25.2777239375207 18.1684172116261 29.8484778136243
6098000 281.492178377093 2661853.84852844 121101.795469547 2415.69610247785 123517.491572025 655671.508730309 13708.0995309335 25.2777239375207 18.1684172116261 29.8484778136243
6098100 277.251977677056 2665136.57741371 121185.454474503 2379.30775107194 123564.762225575 656375.057851027 13708.0995309335 25.2777239375207 18.1684172116261 29.8484778136243
6098200 279.516234642957 2663029.54556177 121108.005017914 2398.73904312086 123506.744061035 655895.804889952 13708.0995309335 25.2777239375207 18.1684172116261 29.8484778136243
6098300 269.453617111833 2663859.78943365 121107.73309068 2312.38415365002 123420.11724433 655975.159241554 13708.0995309335 25.2777239375207 18.1684172116261 29.8484778136243
6098400 267.898935942762 2659621.91903955 121133.80235797 2299.04226520973 123432.84462318 655140.65762785 13708.0995309335 25.2777239375207 18.1684172116261 29.8484778136243
6098500 273.694922904751 2659407.09171411 121145.429872096 2348.78198868912 123494.211860785 655159.076893577 13708.0995309335 25.2777239375207 18.1684172116261 29.8484778136243
6098600 276.537434165912 2662475.38472891 121158.283733891 2373.17571577037 123531.459449661 655809.733236862 13708.0995309335 25.2777239375207 18.1684172116261 29.8484778136243
6098700 267.95056215446 2661279.90823242 121209.713998453 2299.48530856214 123509.199307015 655548.475141577 13708.0995309335 25.2777239375207 18.1684172116261 29.8484778136243
6098800 269.650142417007 2663407.68720492 121083.064313743 2314.07068510708 123397.13499885 655861.793364638 13708.0995309335 25.2777239375207 18.1684172116261 29.8484778136243
6098900 271.007723609276 2663646.31923732 121066.753708106 2325.72111040083 123392.474818507 655904.840159166 13708.0995309335 25.2777239375207 18.1684172116261 29.8484778136243
6099000 270.173819852397 2663990.82167444 121128.602304985 2318.56475505573 123447.16706004 656028.404835576 13708.0995309335 25.2777239375207 18.1684172116261 29.8484778136243
6099100 279.973966553354 2660019.03930357 121090.681458593 2402.66718491969 123493.348643512 655280.553363813 13708.0995309335 25.2777239375207 18.1684172116261 29.8484778136243
6099200 271.322695466378 2664741.58532445 121182.144428926 2328.42412080766 123510.568549733 656241.897921212 13708.0995309335 25.2777239375207 18.1684172116261 29.8484778136243
6099300 273.309450718872 2659670.83404629 121135.882847128 2345.47396193539 123481.356809063 655198.948831972 13708.0995309335 25.2777239375207 18.1684172116261 29.8484778136243
6099400 269.116303281307 2659126.11252026 121063.801023391 2309.48940996509 123373.290433356 654981.982507281 13708.0995309335 25.2777239375207 18.1684172116261 29.8484778136243
6099500 269.369440978659 2663207.30026358 121058.253146517 2311.66177493952 123369.914921457 655794.512216317 13708.0995309335 25.2777239375207 18.1684172116261 29.8484778136243
6099600 268.832881934666 2663589.92200736 121127.189629013 2307.05715821875 123434.246787232 655935.337274278 13708.0995309335 25.2777239375207 18.1684172116261 29.8484778136243
6099700 271.856694209105 2664252.26713845 121147.25202343 2333.00676565758 123480.258789088 656113.76436814 13708.0995309335 25.2777239375207 18.1684172116261 29.8484778136243
6099800 278.503244697605 2661150.56482684 121108.292335849 2390.04581449567 123498.338150344 655511.755836117 13708.0995309335 25.2777239375207 18.1684172116261 29.8484778136243
6099900 275.704275578511 2662030.37151336 121128.076135085 2366.02575528502 123494.10189037 655683.409271518 13708.0995309335 25.2777239375207 18.1684172116261 29.8484778136243
6100000 268.847720646624 2661319.62972762 121111.244313057 2307.18450036676 123418.428813424 655465.645712537 13708.0995309335 25.2777239375207 18.1684172116261 29.8484778136243
