-140		0
-139		0
-138		0
-137		0
-136		1.7393E-06
-135		1.7613E-06
-134		1.7837E-06
-133		1.8066E-06
-132		1.8299E-06
-131		1.8536E-06
-130		1.8778E-06
-129		1.9025E-06
-128		1.9277E-06
-127		1.9534E-06
-126		1.9797E-06
-125		2.0064E-06
-124		2.0337E-06
-123		2.0615E-06
-122		0.00000209
-121		0.000002119
-120		2.1486E-06
-119		2.1789E-06
-118		2.2098E-06
-117		2.2413E-06
-116		2.2736E-06
-115		2.3065E-06
-114		2.3401E-06
-113		2.3746E-06
-112		2.4097E-06
-111		2.4457E-06
-110		2.4824E-06
-109		0.00000252
-108		2.5585E-06
-107		2.5978E-06
-106		2.6381E-06
-105		2.6793E-06
-104		2.7215E-06
-103		2.7646E-06
-102		2.8089E-06
-101		2.8541E-06
-100		2.9005E-06
-99		0.000002948
-98		2.9967E-06
-97		3.0467E-06
-96		3.0978E-06
-95		3.1503E-06
-94		3.2041E-06
-93		4.37103E-05
-92		0.000044279
-91		4.48589E-05
-90		4.54504E-05
-89		4.60538E-05
-88		4.66694E-05
-87		4.72976E-05
-86		4.79386E-05
-85		4.85929E-05
-84		4.92609E-05
-83		4.99428E-05
-82		5.06392E-05
-81		5.13504E-05
-80		5.20768E-05
-79		0.000052819
-78		5.35773E-05
-77		5.43523E-05
-76		5.51444E-05
-75		5.59543E-05
-74		5.67823E-05
-73		0.000057629
-72		5.84952E-05
-71		5.93812E-05
-70		6.02879E-05
-69		6.12158E-05
-68		6.21656E-05
-67		6.31381E-05
-66		6.41339E-05
-65		6.51539E-05
-64		6.61988E-05
-63		0.000784484
-62		0.000794673
-61		0.000805064
-60		0.000815661
-59		0.000826472
-58		0.000837501
-57		0.000848754
-56		0.000860237
-55		0.000871958
-54		0.000883922
-53		0.000896137
-52		0.00090861
-51		0.000921348
-50		0.000934359
-49		0.000947651
-48		0.000961232
-47		0.000975111
-46		0.000989297
-45		0.001003799
-44		0.001018627
-43		0.00103379
-42		0.001049301
-41		0.001065168
-40		0.001081404
-39		0.001098021
-38		0.001115031
-37		0.001132446
-36		0.001150281
-35		0.001168549
-34		0.001187265
-33		0.001206444
-32		0.001226102
-31		0.001246257
-30		0.001266925
-29		0.001288125
-28		0.001309877
-27		0.001332201
-26		0.001355118
-25		0.001378651
-24		0.001402823
-23		0.00142766
-22		0.001453187
-21		0.001479432
-20		0.001506426
-19		0.001534199
-18		0.001562785
-17		0.001592218
-16		0.001622537
-15		0.00165378
-14		0.001685993
-13		0.001719219
-12		0.001753509
-11		0.001788916
-10		0.001825498
-9		0.001863316
-8		0.001902441
-7		0.001942944
-6		0.00198491
-5		0.002028427
-4		0.002073597
-3		0.002120532
-2		0.002169356
-1		0.002220215
0		0.002273269
1		0.002328708
2		0.00238675
3		0.00244765
4		0.002511715
5		0.002579311
6		0.002650884
7		0.002726986
8		0.002808309
9		0.002895733
10		0.002990397
11		0.0030938
12		0.003207948
13		0.003335574
14		0.003480456
15		0.003647892
16		0.003845359
17		0.00408335
18		0.004376071
19		0.004740796
20		0.005268678
21		0.005800214
22		0.006342514
23		0.006739982
24		0.006837908
25		0.006650893
26		0.00634514
27		0.0060667
28		0.005873825
29		0.005824706
30		0.017165004
31		0.017337482
32		0.017557846
33		0.01781716
34		0.018109471
35		0.018431007
36		0.018779564
37		0.019154082
38		0.019554367
39		0.019980924
40		0.020434854
41		0.020917817
42		0.021432031
43		0.021980307
44		0.022566128
45		0.023193767
46		0.023868447
47		0.024596572
48		0.025386042
49		0.026246677
50		0.027190809
51		0.028234107
52		0.029396732
53		0.030704997
54		0.032193752
55		0.033909879
56		0.035917442
57		0.038305279
58		0.041198103
59		0.044772067
60		0.049274247
61		0.055038782
62		0.062470158
63		0.071904091
64		0.083149953
65		0.094567548
66		0.102502582
67		0.103423395
68		0.097805544
69		0.089562514
70		0.082054456
71		0.07660603
72		0.073294695
73		0.071800411
74		0.071785804
75		0.073003153
76		0.075303935
77		0.078625252
78		0.082976786
79		0.088434174
80		0.095139748
81		0.103310962
82		0.113257521
83		0.125409566
84		0.140361094
85		0.158935414
86		0.182283099
87		0.2120275
88		0.251107449
89		0.301555522
90		0.368606344
91		0.458414377
92		0.578066582
93		0.732163777
94		0.912765111
95		1.082046647
96		1.169782163
97		1.12512764
98		0.975813214
99		0.794156959
100		0.630575691
101		0.500952263
102		0.403296655
103		0.330734572
104		0.276652157
105		0.235927624
106		0.204869569
107		0.180877031
108		0.162120868
109		0.14730509
110		0.135500702
111		0.1260329
112		0.118404819
113		0.112245767
114		0.107275722
115		0.103280715
116		0.10009554
117		0.097591458
118		0.095667336
119		0.094243201
120		0.093255478
121		0.092653458
122		0.092396632
123		0.092452674
124		0.092795905
125		0.094975522
126		0.095856813
127		0.096977933
128		0.11488343
129		0.116670654
130		0.118684357
131		0.120923812
132		0.123390419
133		0.126087584
134		0.12902064
135		0.132196816
136		0.135625243
137		0.139316992
138		0.14328515
139		0.14754493
140		0.152113817
141		0.157011752
142		0.162261356
143		0.167888208
144		0.173921164
145		0.18039275
146		0.187339613
147		0.194803063
148		0.20282971
149		0.211472211
150		0.220790162
151		0.230851154
152		0.24173203
153		0.253575488
154		0.266372155
155		0.280291316
156		0.295465178
157		0.31204648
158		0.3302124
159		0.350169356
160		0.372158951
161		0.396465378
162		0.423424716
163		0.453436689
164		0.486979656
165		0.524629893
166		0.567086629
167		0.615204882
168		0.670038984
169		0.7329009
170		0.805439228
171		0.889747246
172		0.988511567
173		1.105216171
174		1.244416139
175		1.412079835
176		1.61593695
177		1.865621462
178		2.172295362
179		2.548370388
180		3.011119378
181		3.59310409
182		4.350349164
183		5.36148484
184		6.726183421
185		8.558153716
186		10.93980117
187		13.7775124
188		16.53112531
189		18.11433012
190		17.6214795
191		15.35496958
192		12.45117242
193		9.77794206
194		7.637458647
195		6.016298984
196		4.807556266
197		3.903640962
198		3.220099543
199		2.695773137
200		2.287510288
201		1.964966756
202		1.70665675
203		1.497190567
204		1.325468026
205		1.18312248
206		1.064087822
207		0.96372378
208		0.878478171
209		0.805600193
210		0.742936714
211		0.688785721
212		0.641789591
213		0.600889522
214		0.565135299
215		0.53383822
216		0.506406811
217		0.482353897
218		0.461276919
219		0.442842707
220		0.426775646
221		0.412848516
222		0.400875428
223		0.390706477
224		0.382223845
225		0.375339162
226		0.369992069
227		0.366110108
228		0.363769667
229		0.362957916
230		0.363738143
231		0.366216292
232		0.370551241
233		0.379962903
234		0.388819843
235		0.400516854
236		0.415662097
237		0.435102866
238		0.460029198
239		0.492126411
240		0.533793421
241		0.588430847
242		0.660735954
243		0.756702795
244		0.882330871
245		1.038550931
246		1.208988713
247		1.345946015
248		1.386214531
249		1.312105666
250		1.173427107
251		1.030874646
252		0.914970333
253		0.831247888
254		0.775355026
255		0.741249036
256		0.723868337
257		0.718856649
258		0.725171081
259		0.740544933
260		0.764084298
261		0.795391933
262		0.834464008
263		0.881633187
264		0.937546922
265		1.003174491
266		1.079840394
267		1.169285304
268		1.2737593
269		1.396156223
270		1.540203391
271		1.710728476
272		1.914036647
273		2.158448055
274		2.455071632
275		2.818930195
276		3.270608737
277		3.838672992
278		4.563178147
279		5.500559178
280		6.729721737
281		8.357250715
282		10.51423504
283		13.32708598
284		16.84081422
285		20.89454246
286		24.92666006
287		27.71756351
288		27.79769101
289		24.95755979
290		20.61813338
291		16.30983781
292		12.74022842
293		9.99946148
294		7.948223975
295		6.415429793
296		5.259355028
297		4.375395544
298		3.689307145
299		3.148873657
300		2.717221775
301		2.368054281
302		2.08239036
303		1.846365869
304		1.64975117
305		1.484949974
306		1.346319627
307		1.229696701
308		1.132012726
309		1.050817456
310		0.983396656
311		0.92533225
312		0.869908342
313		0.811523029
314		0.750608112
315		0.691814891
316		0.638651933
317		0.592006639
318		0.55132781
319		0.515684372
320		0.484202203
321		0.456169493
322		0.431029356
323		0.408347548
324		0.387781795
325		0.369058163
326		0.351953942
327		0.336285471
328		0.321899413
329		0.308666459
330		0.296476688
331		0.285236123
332		0.274864123
333		0.265291418
334		0.256458618
335		0.248315112
336		0.240818306
337		0.233933166
338		0.227632078
339		0.221895082
340		0.216634287
341		0.212001132
342		0.207928136
343		0.204440131
344		0.201582048
345		0.19942598
346		0.198079874
347		0.197694007
348		0.198450429
349		0.200437422
350		0.192484321
351		0.196236645
352		0.198849685
353		0.199140456
354		0.197766861
355		0.196612706
356		0.197210337
357		0.200385208
358		0.206667048
359		0.216613677
360		0.230808117
361		0.282305187
362		0.303855736
363		0.322780411
364		0.331913439
365		0.329013848
366		0.319733622
367		0.311392409
368		0.308039772
369		0.331338061
370		0.34043038
371		0.354517402
372		0.3712139
373		0.387063928
374		0.40034804
375		0.417066315
376		0.433671167
377		0.456774101
378		0.488087516
379		0.529056816
380		0.58154967
381		0.648283906
382		0.733215213
383		0.842045509
384		0.982965074
385		1.167716946
386		1.412983797
387		1.741714208
388		2.182686045
389		2.762874879
390		3.479692201
391		4.238400984
392		4.79302661
393		4.853775171
394		4.383002649
395		3.642037632
396		2.904093159
397		2.29315888
398		1.824795094
399		1.474890706
400		1.213957412
401		1.017615245
402		0.867890985
403		0.752038496
404		0.66109873
405		0.588747034
406		0.530471831
407		0.483012782
408		0.443354345
409		0.410982463
410		0.383926321
411		0.361166899
412		0.341917886
413		0.325565791
414		0.322685293
415		0.310914648
416		0.300866212
417		0.292290034
418		0.284982351
419		0.278775923
420		0.273532654
421		0.269137875
422		0.265495908
423		0.262526574
424		0.260162442
425		0.258346629
426		0.257031043
427		0.256174971
428		0.255743923
429		0.255708702
430		0.256044639
431		0.256730962
432		0.257750281
433		0.259088159
434		0.260732758
435		0.262674546
436		0.264906055
437		0.267421678
438		0.270217508
439		0.273291196
440		0.276641848
441		0.280269934
442		0.284177221
443		0.288366723
444		0.292842663
445		0.296045506
446		0.3011311
447		0.306522562
448		0.295819703
449		0.302053731
450		0.30862057
451		0.315533097
452		0.322805557
453		0.330453638
454		0.338494552
455		0.346947134
456		0.356720062
457		0.366070783
458		0.375900844
459		0.386236872
460		0.397107856
461		0.408545353
462		0.516647551
463		0.530542406
464		0.545139687
465		0.560484502
466		0.576626065
467		0.593618126
468		0.61151946
469		0.63039442
470		0.650313562
471		0.671354362
472		0.693602031
473		0.717096317
474		0.742049747
475		0.768522087
476		0.79664028
477		0.826545278
478		0.858393935
479		0.89236121
480		0.928642735
481		0.96745782
482		1.009052992
483		1.053706158
484		1.101731543
485		1.153485558
486		1.209373807
487		1.269859503
488		1.33547361
489		1.406827134
490		1.484626111
491		1.569689964
492		1.662974154
493		1.765598275
494		1.878881167
495		2.004385097
496		2.143971782
497		2.299874007
498		2.474787949
499		2.671993308
500		2.895511112
501		3.150313161
502		3.442603035
503		3.780197472
504		4.173050236
505		4.633980812
506		5.179701184
507		5.832281531
508		6.621268772
509		7.586782635
510		8.784075323
511		10.29025218
512		12.2140447
513		14.70937277
514		17.9919527
515		22.35125551
516		28.12935193
517		35.58230895
518		44.45354171
519		53.19151829
520		58.70046159
521		58.5069417
522		53.69111786
523		47.71052011
524		43.23429812
525		41.28836325
526		41.78233605
527		43.69749529
528		44.98623926
529		43.51424524
530		39.08127488
531		33.47477628
532		28.42332405
533		24.55997709
534		21.65793877
535		19.12739755
536		16.56810621
537		14.04532656
538		11.80419273
539		9.96497274
540		8.51069503
541		7.371337569
542		6.474619677
543		5.761887784
544		5.195532964
545		4.730968108
546		4.351102251
547		4.038871384
548		3.781686369
549		3.570194865
550		3.397429982
551		3.258227149
552		3.148827431
553		3.063649788
554		3.007016644
555		2.975174118
556		2.968239087
557		3.249294876
558		3.299645021
559		3.381429209
560		3.499609967
561		3.661294994
562		3.876533073
563		4.159503713
564		4.530291192
565		5.017506215
566		5.662051201
567		6.522119966
568		7.678414971
569		9.234578803
570		11.29612579
571		13.88549133
572		16.73296876
573		19.02442747
574		19.64238355
575		18.22198352
576		15.6005042
577		12.85418661
578		10.54011207
579		8.765221076
580		7.453533137
581		6.495319491
582		5.796602737
583		5.287426214
584		4.918218159
585		4.654400156
586		4.471911116
587		4.353984865
588		4.288945707
589		4.268728569
590		4.287892337
591		4.342965453
592		4.432017266
593		4.55438636
594		4.710522447
595		4.901915409
596		5.136105414
597		5.406781549
598		5.723780891
599		6.093458448
600		6.523944257
601		7.025576949
602		7.611501351
603		8.298491469
604		9.108089433
605		10.06819479
606		11.21530438
607		12.59770223
608		14.28004437
609		16.34998614
610		18.92773653
611		22.17956426
612		26.33590139
613		31.71306282
614		38.73568013
615		47.96379015
616		60.14263723
617		76.19656697
618		96.76935914
619		120.7386843
620		142.8271138
621		153.53732
622		146.4717226
623		125.8614701
624		101.4022801
625		79.57998103
626		62.33453018
627		49.33173794
628		39.64108379
629		32.38440208
630		26.88558879
631		22.6582563
632		19.35976627
633		16.74901204
634		14.65498309
635		12.95492611
636		11.55952434
637		10.40287963
638		9.435705526
639		8.620657237
640		7.929089563
641		7.338777708
642		6.832294347
643		6.395839464
644		6.018386369
645		5.691051258
646		5.406622675
647		5.159206704
648		4.943956825
649		4.756866365
650		4.594607707
651		4.454406743
652		4.333944161
653		4.231277321
654		4.144778083
655		4.073083094
656		4.015053888
657		3.969744781
658		3.936377015
659		3.914317968
660		3.9030645
661		3.90222973
662		3.911532697
663		3.93079048
664		3.959912462
665		3.998896511
666		4.0478269
667		4.106873883
668		4.176294872
669		4.256437225
670		4.347742701
671		4.450753704
672		4.566121477
673		4.694616504
674		4.837141425
675		4.994746897
676		5.385519368
677		5.579876283
678		5.793621332
679		6.028638265
680		6.287107399
681		6.539207088
682		6.852977999
683		7.199096743
684		7.581586969
685		8.005187316
686		8.475509385
687		8.999240331
688		9.584405555
689		10.22047109
690		10.96002119
691		11.79716805
692		12.75012447
693		13.84187723
694		15.10182609
695		16.56433231
696		18.287015
697		20.33235954
698		22.7879227
699		25.76592417
700		29.39653894
701		33.78871464
702		38.92418667
703		44.51896061
704		50.14000222
705		55.81110765
706		62.3664631
707		70.98665377
708		82.80020654
709		98.99914453
710		121.1190739
711		151.2321827
712		191.860281
713		245.0496543
714		309.3415776
715		373.7412179
716		414.2640044
717		408.2588074
718		359.3643916
719		292.9739993
720		230.4139293
721		179.8180935
722		141.3532855
723		112.6493616
724		91.19329283
725		74.98281515
726		62.56044502
727		52.89639241
728		45.26669571
729		39.15927557
730		34.20786537
731		30.14701068
732		26.78165991
733		23.96654888
734		21.5811075
735		19.56384321
736		17.83913145
737		16.35680208
738		15.07756553
739		13.97054515
740		13.01150742
741		12.18161061
742		11.46655826
743		10.85609369
744		10.34381447
745		9.92732705
746		9.608805427
747		9.396057485
748		9.304202387
749		9.357883181
750		9.593133688
751		10.05532359
752		10.78229778
753		11.7486711
754		12.75224294
755		13.34059305
756		13.06722037
757		11.97551531
758		10.54267076
759		9.185087683
760		8.066429285
761		7.192778727
762		6.518739509
763		5.99523877
764		5.582868023
765		5.252774513
766		4.984454579
767		4.763400586
768		4.579274798
769		4.424621339
770		4.293987365
771		4.183328354
772		4.089604362
773		4.010503504
774		3.944250431
775		3.889472035
776		3.84422014
777		3.809442038
778		3.783605952
779		3.766225944
780		3.756942202
781		3.755501483
782		3.66777885
783		3.682779836
784		3.705358477
785		3.735581207
786		3.77358193
787		3.819561164
788		3.873786772
789		3.936596181
790		4.008400052
791		4.089687441
792		4.181032537
793		4.283103124
794		4.396670988
795		4.522624546
796		4.661984066
797		4.815919943
798		4.985774624
799		5.173088916
800		5.379633613
801		5.607447621
802		5.858884061
803		6.136666256
804		6.443956006
805		6.784437293
806		7.162419416
807		7.582964837
808		8.052048632
809		8.576758676
810		9.165548754
811		9.828560993
812		10.57803989
813		11.42886849
814		12.39926896
815		13.51172689
816		14.79422296
817		16.28189201
818		18.01928323
819		20.06347585
820		22.48842776
821		25.39112236
822		28.90036901
823		33.18955856
824		38.4953548
825		45.14529905
826		53.59863455
827		64.50596565
828		78.79290688
829		97.76428571
830		123.1883806
831		157.1980495
832		201.517059
833		254.947352
834		308.3752779
835		341.93969
836		336.9421787
837		296.4771936
838		241.5840861
839		189.8839255
840		148.0821244
841		116.3068768
842		92.59588103
843		74.87140547
844		61.47870397
845		51.21346715
846		43.22484921
847		36.91469818
848		31.85990473
849		27.75780012
850		24.38896682
851		21.59210517
852		19.24699066
853		17.26281527
854		15.57012076
855		14.11514706
856		12.85582181
857		11.7588782
858		10.79775826
859		9.951069342
860		9.201435317
861		8.53463225
862		7.938931702
863		7.404597003
864		6.917208965
865		6.482577176
866		6.088559408
867		5.730245802
868		5.40344386
869		5.104556821
870		4.830485325
871		4.578547415
872		4.346413102
873		4.132050546
874		3.933681558
875		3.749744645
876		3.57886416
877		3.161783804
878		3.01668883
879		2.881341102
880		2.754888633
881		2.636570312
882		2.525704538
883		2.421679483
884		2.323944711
885		2.232003947
886		2.14540882
887		2.063753428
888		1.986669609
889		1.913822817
890		1.84490851
891		1.779648982
892		1.717790583
893		1.659101259
894		1.603368389
895		1.550396868
896		1.500007404
897		1.452035007
898		1.406327644
899		1.362745037
900		1.32115759
901		1.281445432
902		1.243497552
903		1.220718004
904		1.18616837
905		1.153099056
906		1.121427575
907		1.091077129
908		1.061976144
909		1.034057854
910		1.007259917
911		0.981524073
912		0.956795823
913		0.933024148
914		0.910161244
915		0.888162286
916		0.862048283
917		0.841714454
918		0.822124742
919		0.803244249
920		0.785040127
921		0.767481444
922		0.750539043
923		0.734185432
924		0.718394665
925		0.703142245
926		0.68840503
927		0.674161142
928		0.66038989
929		0.647071693
930		0.634188012
931		0.621721288
932		0.60965488
933		0.597973008
934		0.586660707
935		0.575703777
936		0.565088736
937		0.554802783
938		0.544833759
939		0.535170107
940		0.525800845
941		0.51671553
942		0.507904231
943		0.499357502
944		0.491066358
945		0.483022248
946		0.475217037
947		0.467642982
948		0.460292715
949		0.453159224
950		0.446235838
951		0.439516211
952		0.432994304
953		0.426664375
954		0.420520968
955		0.414558897
956		0.408773236
957		0.403159311
958		0.39771269
959		0.392429173
960		0.387304785
961		0.38233577
962		0.37751858
963		0.372849875
964		0.368326512
965		0.363945545
966		0.359704217
967		0.355599956
968		0.351630376
969		0.347793271
970		0.344086613
971		0.340508551
972		0.337057412
973		0.333731697
974		0.330530083
975		0.327451426
976		0.324494758
977		0.321659293
978		0.318944428
979		0.316349746
980		0.313875021
981		0.311520226
982		0.309285533
983		0.307171325
984		0.305178202
985		0.30330699
986		0.301558752
987		0.299934799
988		0.298436702
989		0.297066311
990		0.295825764
991		0.3719656
992		0.371971515
993		0.372134369
994		0.372458152
995		0.372947281
996		0.160070073
997		0.163537655
998		0.167138315
999		0.17087969
1000		0.174770002
1001		0.178818117
1002		0.183033605
1003		0.187426813
1004		0.192008939
1005		0.196792123
1006		0.500503512
1007		0.509505707
1008		0.518824123
1009		0.528477626
1010		0.538486719
1011		0.548873725
1012		0.559662996
1013		0.570881152
1014		0.58255735
1015		0.5947236
1016		0.607415117
1017		0.620670739
1018		0.6345334
1019		0.649050681
1020		0.664275452
1021		0.680266621
1022		0.697090007
1023		0.714819372
1024		0.733537631
1025		0.753338287
1026		0.774327144
1027		0.796624338
1028		0.820366782
1029		0.845711119
1030		0.87283728
1031		0.901952834
1032		0.933298301
1033		0.967153702
1034		1.003846668
1035		1.043762556
1036		1.087357142
1037		1.135172678
1038		1.187858351
1039		1.250517343
1040		1.315512439
1041		1.388272189
1042		1.470228561
1043		1.563162394
1044		1.669309021
1045		1.791502256
1046		1.933373081
1047		2.099627178
1048		2.29643761
1049		2.532007522
1050		2.817386448
1051		3.167667327
1052		3.603754981
1053		4.154980714
1054		4.862916428
1055		5.786694975
1056		7.009537742
1057		8.643651126
1058		10.82237765
1059		13.64674662
1060		17.01785622
1061		20.31884053
1062		22.27839573
1063		21.79638714
1064		19.18302395
1065		15.77447987
1066		12.61826612
1067		10.08892978
1068		8.177266647
1069		6.758030331
1070		5.703405193
1071		4.91266439
1072		4.312775813
1073		4.763661473
1074		4.417732655
1075		4.149498507
1076		3.940632811
1077		3.777854215
1078		3.651407383
1079		3.554032618
1080		3.797832638
1081		3.747508179
1082		3.713487867
1083		3.693282556
1084		3.684945075
1085		3.686943165
1086		3.698066021
1087		3.717354825
1088		3.744050634
1089		3.777554937
1090		3.817399585
1091		3.863223734
1092		3.914756081
1093		3.97180115
1094		4.034228708
1095		4.101965636
1096		4.174989748
1097		4.253325179
1098		4.337039068
1099		4.587328177
1100		4.684198347
1101		4.786927462
1102		4.895742145
1103		5.010909306
1104		5.132737827
1105		5.261580957
1106		5.397839432
1107		5.541965398
1108		5.694467183
1109		5.855915052
1110		6.026948066
1111		6.20828221
1112		6.400720024
1113		6.605161983
1114		6.822619977
1115		7.054233299
1116		7.301287653
1117		7.565237856
1118		7.847735029
1119		8.434142148
1120		10.38825114
1121		10.76303972
1122		11.16617555
1123		11.60096056
1124		12.07123569
1125		12.58149341
1126		13.13701948
1127		13.74407287
1128		14.4101162
1129		15.14411375
1130		15.95692068
1131		16.86179678
1132		17.87509251
1133		19.01717588
1134		20.3137008
1135		21.79736536
1136		23.51038234
1137		25.50799755
1138		27.86356534
1139		30.67595417
1140		34.08043633
1141		38.2647094
1142		43.49212547
1143		50.1337659
1144		58.706861
1145		69.90033534
1146		84.51492026
1147		103.10955
1148		125.1750432
1149		146.36019
1150		159.4718215
1151		158.9935494
1152		147.8555648
1153		134.0555124
1154		123.4359495
1155		118.2060588
1156		118.7671529
1157		125.2128286
1158		138.0079916
1159		158.2675758
1160		187.8848786
1161		229.4525799
1162		285.468613
1163		355.5437979
1164		430.1423514
1165		484.6630518
1166		490.1168108
1167		442.6577862
1168		368.3143654
1169		294.3482597
1170		233.1376151
1171		186.2320071
1172		151.217314
1173		125.1423518
1174		105.5669934
1175		90.69205417
1176		79.24141914
1177		70.3181081
1178		63.28904466
1179		57.70294949
1180		53.23417999
1181		49.64477481
1182		46.75878037
1183		44.44477251
1184		42.60386092
1185		41.16140364
1186		40.0612817
1187		39.26199575
1188		38.73412537
1189		38.45888738
1190		38.42766654
1191		38.88437073
1192		39.36200855
1193		40.12605128
1194		41.21338145
1195		42.65540653
1196		44.42768639
1197		46.35025255
1198		48.03143537
1199		49.10585351
1200		49.64525875
1201		50.08093647
1202		50.77844468
1203		51.88929071
1204		53.43805913
1205		55.41239598
1206		57.80315877
1207		60.61623448
1208		63.87451844
1209		67.6178391
1210		71.90336149
1211		76.8071915
1212		82.42744104
1213		88.88901276
1214		96.35052724
1215		105.0140803
1216		115.1388977
1217		127.0605113
1218		141.2179179
1219		158.1924576
1220		178.7641049
1221		203.9938322
1222		235.3450423
1223		274.8495394
1224		325.4221228
1225		391.1455663
1226		477.7756637
1227		593.0816393
1228		746.3728312
1229		945.0264179
1230		1183.434994
1231		1421.741558
1232		1575.99102
1233		1572.422668
1234		1432.241349
1235		1248.229608
1236		1094.979126
1237		998.8029112
1238		950.6293343
1239		917.4226502
1240		858.9513139
1241		760.884034
1242		644.1836701
1243		535.507369
1244		447.1386007
1245		379.8232004
1246		330.0795445
1247		294.0393468
1248		268.6361911
1249		251.752446
1250		242.0978157
1251		239.0807843
1252		242.7359287
1253		253.6913605
1254		273.07779
1255		302.0830955
1256		340.4577257
1257		383.1618048
1258		417.1052924
1259		426.6637457
1260		409.5916673
1261		380.017437
1262		353.1199096
1263		336.2124709
1264		330.8626857
1265		336.677578
1266		353.2696477
1267		380.9620279
1268		421.0473114
1269		475.9972647
1270		549.7863032
1271		648.4065924
1272		780.6003851
1273		958.6831248
1274		1198.799229
1275		1518.408258
1276		1925.498832
1277		2391.553444
1278		2814.090734
1279		3022.91256
1280		2899.818596
1281		2510.477143
1282		2033.803337
1283		1601.021851
1284		1256.078902
1285		995.1364974
1286		800.5820924
1287		655.0909639
1288		545.1534359
1289		461.0147461
1290		395.8091987
1291		344.7277516
1292		304.3912736
1293		272.4155727
1294		247.1196847
1295		227.3345162
1296		212.2815211
1297		201.5022576
1298		194.8282726
1299		192.3871873
1300		194.6450052
1301		202.4836481
1302		217.2951698
1303		241.0045793
1304		275.7210433
1305		322.2240693
1306		375.9998926
1307		421.6942216
1308		435.7868205
1309		407.1491354
1310		350.4806222
1311		288.7738517
1312		235.4160949
1313		193.4591127
1314		161.5670829
1315		137.430737
1316		119.0004836
1317		104.7272961
1318		93.50246835
1319		84.54470665
1320		77.30288901
1321		71.38509249
1322		66.50966084
1323		62.47211055
1324		59.12282635
1325		56.35198833
1326		53.78356172
1327		51.95519791
1328		50.52784349
1329		49.47704113
1330		48.79173121
1331		48.47362282
1332		48.53754485
1333		49.01282436
1334		49.94587094
1335		51.40431042
1336		53.48323692
1337		56.31448374
1338		60.08031237
1339		65.03366962
1340		71.52826302
1341		80.06317845
1342		91.34825022
1343		106.3960625
1344		126.6375874
1345		154.0194312
1346		190.9104183
1347		239.2922911
1348		298.0738691
1349		357.6086133
1350		396.148345
1351		392.2091014
1352		347.9524537
1353		286.4921314
1354		228.0053945
1355		180.4545728
1356		144.1819244
1357		117.0362854
1358		96.68366733
1359		81.248341
1360		69.37355162
1361		60.08967319
1362		52.71806656
1363		46.77885342
1364		41.9289492
1365		37.91982907
1366		34.56899008
1367		31.74061332
1368		29.33235208
1369		27.26620934
1370		25.48216848
1371		23.93370069
1372		22.58457086
1373		21.40655942
1374		20.37784676
1375		19.4818951
1376		18.7067251
1377		18.04453334
1378		17.49163934
1379		17.04879445
1380		16.72193774
1381		16.52355053
1382		16.47484461
1383		16.60909437
1384		16.97637931
1385		17.64943531
1386		18.72794044
1387		20.33085409
1388		22.54628492
1389		25.27581934
1390		27.94288013
1391		29.37840664
1392		28.59363942
1393		25.00148028
1394		21.62820318
1395		18.50886541
1396		15.97431578
1397		14.01142966
1398		12.50450031
1399		11.33657347
1400		10.10042994
1401		9.363567649
1402		8.759577005
1403		8.255126715
1404		7.826519909
1405		7.456697741
1406		7.133200688
1407		6.846790056
1408		6.590511952
1409		6.359055754
1410		6.148309238
1411		5.955046092
1412		5.776703549
1413		5.611222083
1414		5.456928392
1415		5.312448939
1416		5.176645334
1417		5.048565509
1418		4.927406439
1419		4.652899957
1420		4.545602614
1421		4.443417781
1422		4.345908335
1423		4.252692462
1424		4.16343473
1425		4.077838845
1426		3.995641754
1427		3.916608796
1428		3.840529694
1429		3.767215233
1430		3.696494468
1431		3.628212394
1432		3.562227962
1433		3.498412404
1434		3.4366478
1435		3.376825855
1436		3.318846833
1437		3.262618652
1438		3.208056087
1439		2.878221047
1440		1.233037897
1441		1.206045532
1442		1.180011392
1443		1.154886001
1444		1.130623357
1445		1.107180622
1446		1.084517839
1447		1.062597684
1448		1.041385243
1449		1.020847812
1450		1.000954719
1451		0.98167716
1452		0.962988058
1453		0.944861924
1454		0.927274744
1455		0.910203867
1456		0.893627907
1457		0.877526655
1458		0.861880994
1459		0.846672825
1460		0.831885
1461		0.817501255
1462		0.803506157
1463		0.789885046
1464		0.776623991
1465		0.763709738
1466		0.751129674
1467		0.738871785
1468		0.497567143
1469		0.488756921
1470		0.480183782
1471		0.471839055
1472		0.463714479
1473		0.455802173
1474		0.448094617
1475		0.440584631
1476		0.433265357
1477		0.426130241
1478		0.419173016
1479		0.412387685
1480		0.405768511
1481		0.399309998
1482		0.393006883
1483		0.386854122
1484		0.380846877
1485		0.37498051
1486		0.36925057
1487		0.363652782
1488		0.358183044
1489		0.352837413
1490		0.347612101
1491		0.342503465
1492		0.337508004
1493		0.332622347
1494		0.327843251
1495		0.323167595
1496		0.318592373
1497		0.314114687
1498		0.309731748
1499		0.305440865
1500		0.301239446
1501		0.297124988
1502		0.293095079
1503		0.289147389
1504		0.28527967
1505		0.281489752
1506		0.277775538
1507		0.274135003
1508		0.27056619
1509		0.267067206
1510		0.263636223
1511		0.021807374
1512		0.021447957
1513		0.021097349
1514		0.020755266
1515		0.020421433
1516		0.020095587
1517		0.019777476
1518		0.019466856
1519		0.019163494
1520		0.018867167
1521		0.018577658
1522		0.01829476
1523		0.018018273
1524		0.017748004
1525		0.01748377
1526		0.017225391
1527		0.016972696
1528		0.01672552
1529		0.016483702
1530		0.01624709
1531		0.016015534
1532		0.015788893
1533		0.015567027
1534		0.015349804
1535		0.015137095
1536		0.014928776
1537		0.014724727
1538		0.014524831
1539		0.014328978
1540		0.014137059
1541		0.013948969
1542		0.013764607
1543		0.013583875
1544		0.013406679
1545		0.013232926
1546		0.013062529
1547		0.012895401
1548		0.01273146
1549		0.012570625
1550		0.012412817
1551		0.012257962
1552		0