    1.00       0.10786
    2.00       0.10813
    3.00       0.10839
    4.00       0.10865
    5.00       0.10892
    6.00       0.10919
    7.00       0.10945
    8.00       0.10972
    9.00       0.10999
   10.00       0.11026
   11.00       0.11053
   12.00       0.11080
   13.00       0.11108
   14.00       0.11135
   15.00       0.11163
   16.00       0.11190
   17.00       0.11218
   18.00       0.11246
   19.00       0.11274
   20.00       0.11302
   21.00       0.11330
   22.00       0.11359
   23.00       0.11387
   24.00       0.11416
   25.00       0.11444
   26.00       0.11473
   27.00       0.11502
   28.00       0.11531
   29.00       0.11560
   30.00       0.11589
   31.00       0.11618
   32.00       0.11648
   33.00       0.11677
   34.00       0.11707
   35.00       0.11737
   36.00       0.11767
   37.00       0.11797
   38.00       0.11827
   39.00       0.11857
   40.00       0.11887
   41.00       0.11918
   42.00       0.11948
   43.00       0.11979
   44.00       0.12010
   45.00       0.12041
   46.00       0.12072
   47.00       0.12103
   48.00       0.12134
   49.00       0.12166
   50.00       0.12197
   51.00       0.12229
   52.00       0.12261
   53.00       0.12293
   54.00       0.12325
   55.00       0.12357
   56.00       0.12390
   57.00       0.12422
   58.00       0.12455
   59.00       0.12487
   60.00       0.12520
   61.00       0.12553
   62.00       0.12586
   63.00       0.12620
   64.00       0.12653
   65.00       0.12687
   66.00       0.12720
   67.00       0.12754
   68.00       0.12788
   69.00       0.12822
   70.00       0.12857
   71.00       0.12891
   72.00       0.12926
   73.00       0.12960
   74.00       0.12995
   75.00       0.13030
   76.00       0.13065
   77.00       0.13100
   78.00       0.13136
   79.00       0.13171
   80.00       0.13207
   81.00       0.13243
   82.00       0.13279
   83.00       0.13315
   84.00       0.13351
   85.00       0.13388
   86.00       0.13425
   87.00       0.13461
   88.00       0.13498
   89.00       0.13535
   90.00       0.13573
   91.00       0.13610
   92.00       0.13648
   93.00       0.13685
   94.00       0.13723
   95.00       0.13761
   96.00       0.13800
   97.00       0.13838
   98.00       0.13877
   99.00       0.13915
  100.00       0.13954
  101.00       0.13993
  102.00       0.14033
  103.00       0.14072
  104.00       0.14112
  105.00       0.14151
  106.00       0.14191
  107.00       0.14232
  108.00       0.14272
  109.00       0.14312
  110.00       0.14353
  111.00       0.14394
  112.00       0.14435
  113.00       0.14476
  114.00       0.14517
  115.00       0.14559
  116.00       0.14601
  117.00       0.14643
  118.00       0.14685
  119.00       0.14727
  120.00       0.14770
  121.00       0.14813
  122.00       0.14856
  123.00       0.14899
  124.00       0.14942
  125.00       0.14986
  126.00       0.15029
  127.00       0.15073
  128.00       0.15117
  129.00       0.15162
  130.00       0.15206
  131.00       0.15251
  132.00       0.15296
  133.00       0.15341
  134.00       0.15386
  135.00       0.15432
  136.00       0.15478
  137.00       0.15524
  138.00       0.15570
  139.00       0.15617
  140.00       0.15663
  141.00       0.15710
  142.00       0.15757
  143.00       0.15805
  144.00       0.15852
  145.00       0.15900
  146.00       0.15948
  147.00       0.15997
  148.00       0.16045
  149.00       0.16094
  150.00       0.16143
  151.00       0.16192
  152.00       0.16242
  153.00       0.16292
  154.00       0.16342
  155.00       0.16392
  156.00       0.16443
  157.00       0.16493
  158.00       0.16544
  159.00       0.16596
  160.00       0.16647
  161.00       0.16699
  162.00       0.16751
  163.00       0.16804
  164.00       0.16856
  165.00       0.16909
  166.00       0.16962
  167.00       0.17016
  168.00       0.17070
  169.00       0.17124
  170.00       0.17178
  171.00       0.17233
  172.00       0.17288
  173.00       0.17343
  174.00       0.17398
  175.00       0.17454
  176.00       0.17510
  177.00       0.17567
  178.00       0.17624
  179.00       0.17681
  180.00       0.17738
  181.00       0.17796
  182.00       0.17854
  183.00       0.17913
  184.00       0.17972
  185.00       0.18031
  186.00       0.18090
  187.00       0.18150
  188.00       0.18211
  189.00       0.18271
  190.00       0.18333
  191.00       0.18394
  192.00       0.18456
  193.00       0.18518
  194.00       0.18581
  195.00       0.18644
  196.00       0.18708
  197.00       0.18772
  198.00       0.18836
  199.00       0.18901
  200.00       0.18967
  201.00       0.19033
  202.00       0.19100
  203.00       0.19167
  204.00       0.19234
  205.00       0.19303
  206.00       0.19372
  207.00       0.19441
  208.00       0.19511
  209.00       0.19582
  210.00       0.19654
  211.00       0.19727
  212.00       0.19800
  213.00       0.19874
  214.00       0.19949
  215.00       0.20025
  216.00       0.20103
  217.00       0.20181
  218.00       0.20261
  219.00       0.20342
  220.00       0.20425
  221.00       0.20509
  222.00       0.20595
  223.00       0.20683
  224.00       0.20773
  225.00       0.20866
  226.00       0.20962
  227.00       0.21061
  228.00       0.21164
  229.00       0.21270
  230.00       0.21382
  231.00       0.21500
  232.00       0.21624
  233.00       0.21756
  234.00       0.21897
  235.00       0.22049
  236.00       0.22214
  237.00       0.22395
  238.00       0.22595
  239.00       0.22818
  240.00       0.23067
  241.00       0.23348
  242.00       0.23666
  243.00       0.24022
  244.00       0.24417
  245.00       0.24844
  246.00       0.25285
  247.00       0.25706
  248.00       0.26060
  249.00       0.26298
  250.00       0.26387
  251.00       0.26325
  252.00       0.26144
  253.00       0.25894
  254.00       0.25621
  255.00       0.25361
  256.00       0.25131
  257.00       0.24941
  258.00       0.24790
  259.00       0.24675
  260.00       0.24593
  261.00       0.24538
  262.00       0.24505
  263.00       0.24492
  264.00       0.24495
  265.00       0.24512
  266.00       0.24540
  267.00       0.24577
  268.00       0.24623
  269.00       0.24675
  270.00       0.24734
  271.00       0.24797
  272.00       0.24866
  273.00       0.24938
  274.00       0.25014
  275.00       0.25093
  276.00       0.25175
  277.00       0.25259
  278.00       0.25347
  279.00       0.25436
  280.00       0.25527
  281.00       0.25620
  282.00       0.25716
  283.00       0.25813
  284.00       0.25911
  285.00       0.26011
  286.00       0.26113
  287.00       0.26216
  288.00       0.26321
  289.00       0.26427
  290.00       0.26535
  291.00       0.26644
  292.00       0.26754
  293.00       0.26866
  294.00       0.26979
  295.00       0.27094
  296.00       0.27209
  297.00       0.27327
  298.00       0.27445
  299.00       0.27565
  300.00       0.27687
  301.00       0.27810
  302.00       0.27934
  303.00       0.28060
  304.00       0.28187
  305.00       0.28316
  306.00       0.28446
  307.00       0.28578
  308.00       0.28711
  309.00       0.28847
  310.00       0.28984
  311.00       0.29122
  312.00       0.29263
  313.00       0.29405
  314.00       0.29549
  315.00       0.29695
  316.00       0.29843
  317.00       0.29993
  318.00       0.30145
  319.00       0.30300
  320.00       0.30456
  321.00       0.30616
  322.00       0.30777
  323.00       0.30941
  324.00       0.31108
  325.00       0.31277
  326.00       0.31450
  327.00       0.31625
  328.00       0.31803
  329.00       0.31985
  330.00       0.32170
  331.00       0.32359
  332.00       0.32551
  333.00       0.32748
  334.00       0.32948
  335.00       0.33153
  336.00       0.33362
  337.00       0.33576
  338.00       0.33796
  339.00       0.34020
  340.00       0.34251
  341.00       0.34488
  342.00       0.34731
  343.00       0.34981
  344.00       0.35238
  345.00       0.35503
  346.00       0.35777
  347.00       0.36060
  348.00       0.36352
  349.00       0.36655
  350.00       0.36969
  351.00       0.37296
  352.00       0.37635
  353.00       0.37989
  354.00       0.38359
  355.00       0.38746
  356.00       0.39151
  357.00       0.39577
  358.00       0.40025
  359.00       0.40497
  360.00       0.40997
  361.00       0.41528
  362.00       0.42092
  363.00       0.42693
  364.00       0.43336
  365.00       0.44026
  366.00       0.44769
  367.00       0.45571
  368.00       0.46441
  369.00       0.47388
  370.00       0.48423
  371.00       0.49559
  372.00       0.50812
  373.00       0.52199
  374.00       0.53743
  375.00       0.55471
  376.00       0.57415
  377.00       0.59613
  378.00       0.62113
  379.00       0.64974
  380.00       0.68265
  381.00       0.72075
  382.00       0.76509
  383.00       0.81695
  384.00       0.87786
  385.00       0.94957
  386.00       1.03402
  387.00       1.13310
  388.00       1.24821
  389.00       1.37945
  390.00       1.52425
  391.00       1.67556
  392.00       1.82026
  393.00       1.93939
  394.00       2.01211
  395.00       2.02336
  396.00       1.97106
  397.00       1.86724
  398.00       1.73201
  399.00       1.58543
  400.00       1.44239
  401.00       1.31148
  402.00       1.19634
  403.00       1.09745
  404.00       1.01365
  405.00       0.94314
  406.00       0.88396
  407.00       0.83431
  408.00       0.79259
  409.00       0.75745
  410.00       0.72778
  411.00       0.70266
  412.00       0.68134
  413.00       0.66320
  414.00       0.64775
  415.00       0.63458
  416.00       0.62335
  417.00       0.61377
  418.00       0.60562
  419.00       0.59871
  420.00       0.59287
  421.00       0.58798
  422.00       0.58391
  423.00       0.58057
  424.00       0.57788
  425.00       0.57576
  426.00       0.57417
  427.00       0.57304
  428.00       0.57233
  429.00       0.57201
  430.00       0.57205
  431.00       0.57240
  432.00       0.57305
  433.00       0.57398
  434.00       0.57517
  435.00       0.57660
  436.00       0.57826
  437.00       0.58014
  438.00       0.58222
  439.00       0.58450
  440.00       0.58697
  441.00       0.58963
  442.00       0.59246
  443.00       0.59547
  444.00       0.59865
  445.00       0.60200
  446.00       0.60551
  447.00       0.60920
  448.00       0.61305
  449.00       0.61706
  450.00       0.62125
  451.00       0.62560
  452.00       0.63014
  453.00       0.63484
  454.00       0.63973
  455.00       0.64481
  456.00       0.65007
  457.00       0.65554
  458.00       0.66121
  459.00       0.66709
  460.00       0.67320
  461.00       0.67953
  462.00       0.68611
  463.00       0.69295
  464.00       0.70005
  465.00       0.70744
  466.00       0.71512
  467.00       0.72312
  468.00       0.73146
  469.00       0.74016
  470.00       0.74923
  471.00       0.75871
  472.00       0.76863
  473.00       0.77902
  474.00       0.78990
  475.00       0.80133
  476.00       0.81334
  477.00       0.82597
  478.00       0.83930
  479.00       0.85336
  480.00       0.86823
  481.00       0.88398
  482.00       0.90069
  483.00       0.91846
  484.00       0.93740
  485.00       0.95761
  486.00       0.97923
  487.00       1.00242
  488.00       1.02735
  489.00       1.05421
  490.00       1.08325
  491.00       1.11471
  492.00       1.14890
  493.00       1.18619
  494.00       1.22697
  495.00       1.27172
  496.00       1.32102
  497.00       1.37553
  498.00       1.43603
  499.00       1.50347
  500.00       1.57896
  501.00       1.66386
  502.00       1.75979
  503.00       1.86871
  504.00       1.99303
  505.00       2.13567
  506.00       2.30020
  507.00       2.49100
  508.00       2.71342
  509.00       2.97396
  510.00       3.28043
  511.00       3.64199
  512.00       4.06901
  513.00       4.57229
  514.00       5.16142
  515.00       5.84128
  516.00       6.60598
  517.00       7.42990
  518.00       8.25742
  519.00       8.99783
  520.00       9.53602
  521.00       9.76639
  522.00       9.63837
  523.00       9.18236
  524.00       8.49383
  525.00       7.68955
  526.00       6.86854
  527.00       6.09552
  528.00       5.40299
  529.00       4.80102
  530.00       4.28682
  531.00       3.85162
  532.00       3.48471
  533.00       3.17552
  534.00       2.91454
  535.00       2.69360
  536.00       2.50587
  537.00       2.34574
  538.00       2.20858
  539.00       2.09062
  540.00       1.98880
  541.00       1.90058
  542.00       1.82390
  543.00       1.75705
  544.00       1.69861
  545.00       1.64742
  546.00       1.60248
  547.00       1.56299
  548.00       1.52824
  549.00       1.49765
  550.00       1.47071
  551.00       1.44701
  552.00       1.42617
  553.00       1.40788
  554.00       1.39188
  555.00       1.37792
  556.00       1.36580
  557.00       1.35534
  558.00       1.34639
  559.00       1.33881
  560.00       1.33248
  561.00       1.32729
  562.00       1.32315
  563.00       1.31997
  564.00       1.31769
  565.00       1.31623
  566.00       1.31554
  567.00       1.31557
  568.00       1.31626
  569.00       1.31758
  570.00       1.31948
  571.00       1.32194
  572.00       1.32492
  573.00       1.32839
  574.00       1.33234
  575.00       1.33673
  576.00       1.34156
  577.00       1.34679
  578.00       1.35242
  579.00       1.35842
  580.00       1.36479
  581.00       1.37151
  582.00       1.37858
  583.00       1.38598
  584.00       1.39370
  585.00       1.40174
  586.00       1.41009
  587.00       1.41874
  588.00       1.42769
  589.00       1.43694
  590.00       1.44647
  591.00       1.45629
  592.00       1.46639
  593.00       1.47677
  594.00       1.48743
  595.00       1.49836
  596.00       1.50957
  597.00       1.52106
  598.00       1.53282
  599.00       1.54485
  600.00       1.55716
  601.00       1.56974
  602.00       1.58259
  603.00       1.59573
  604.00       1.60914
  605.00       1.62284
  606.00       1.63681
  607.00       1.65107
  608.00       1.66562
  609.00       1.68045
  610.00       1.69558
  611.00       1.71101
  612.00       1.72673
  613.00       1.74276
  614.00       1.75910
  615.00       1.77575
  616.00       1.79271
  617.00       1.81000
  618.00       1.82761
  619.00       1.84555
  620.00       1.86383
  621.00       1.88245
  622.00       1.90142
  623.00       1.92074
  624.00       1.94042
  625.00       1.96047
  626.00       1.98090
  627.00       2.00170
  628.00       2.02289
  629.00       2.04448
  630.00       2.06648
  631.00       2.08888
  632.00       2.11171
  633.00       2.13496
  634.00       2.15866
  635.00       2.18280
  636.00       2.20740
  637.00       2.23247
  638.00       2.25802
  639.00       2.28406
  640.00       2.31060
  641.00       2.33765
  642.00       2.36523
  643.00       2.39334
  644.00       2.42201
  645.00       2.45123
  646.00       2.48103
  647.00       2.51143
  648.00       2.54243
  649.00       2.57404
  650.00       2.60630
  651.00       2.63921
  652.00       2.67278
  653.00       2.70705
  654.00       2.74201
  655.00       2.77770
  656.00       2.81413
  657.00       2.85133
  658.00       2.88931
  659.00       2.92809
  660.00       2.96769
  661.00       3.00815
  662.00       3.04948
  663.00       3.09170
  664.00       3.13485
  665.00       3.17895
  666.00       3.22402
  667.00       3.27010
  668.00       3.31721
  669.00       3.36539
  670.00       3.41467
  671.00       3.46507
  672.00       3.51664
  673.00       3.56941
  674.00       3.62341
  675.00       3.67869
  676.00       3.73529
  677.00       3.79324
  678.00       3.85259
  679.00       3.91338
  680.00       3.97567
  681.00       4.03949
  682.00       4.10491
  683.00       4.17197
  684.00       4.24073
  685.00       4.31124
  686.00       4.38358
  687.00       4.45779
  688.00       4.53394
  689.00       4.61211
  690.00       4.69236
  691.00       4.77477
  692.00       4.85941
  693.00       4.94637
  694.00       5.03573
  695.00       5.12758
  696.00       5.22201
  697.00       5.31913
  698.00       5.41903
  699.00       5.52182
  700.00       5.62761
  701.00       5.73652
  702.00       5.84867
  703.00       5.96420
  704.00       6.08324
  705.00       6.20593
  706.00       6.33242
  707.00       6.46288
  708.00       6.59747
  709.00       6.73636
  710.00       6.87974
  711.00       7.02781
  712.00       7.18077
  713.00       7.33884
  714.00       7.50225
  715.00       7.67124
  716.00       7.84607
  717.00       8.02700
  718.00       8.21434
  719.00       8.40838
  720.00       8.60944
  721.00       8.81787
  722.00       9.03403
  723.00       9.25831
  724.00       9.49112
  725.00       9.73290
  726.00       9.98410
  727.00      10.24524
  728.00      10.51683
  729.00      10.79944
  730.00      11.09367
  731.00      11.40017
  732.00      11.71963
  733.00      12.05279
  734.00      12.40044
  735.00      12.76343
  736.00      13.14267
  737.00      13.53914
  738.00      13.95391
  739.00      14.38810
  740.00      14.84296
  741.00      15.31980
  742.00      15.82006
  743.00      16.34530
  744.00      16.89719
  745.00      17.47756
  746.00      18.08840
  747.00      18.73188
  748.00      19.41033
  749.00      20.12634
  750.00      20.88270
  751.00      21.68250
  752.00      22.52909
  753.00      23.42619
  754.00      24.37787
  755.00      25.38860
  756.00      26.46334
  757.00      27.60758
  758.00      28.82738
  759.00      30.12949
  760.00      31.52141
  761.00      33.01152
  762.00      34.60918
  763.00      36.32488
  764.00      38.17041
  765.00      40.15905
  766.00      42.30579
  767.00      44.62761
  768.00      47.14380
  769.00      49.87634
  770.00      52.85034
  771.00      56.09461
  772.00      59.64229
  773.00      63.53163
  774.00      67.80698
  775.00      72.51994
  776.00      77.73076
  777.00      83.51014
  778.00      89.94133
  779.00      97.12283
  780.00     105.17171
  781.00     114.22774
  782.00     124.45852
  783.00     136.06598
  784.00     149.29450
  785.00     164.44093
  786.00     181.86726
  787.00     202.01600
  788.00     225.42882
  789.00     252.76823
  790.00     284.84115
  791.00     322.62118
  792.00     367.26190
  793.00     420.08553
  794.00     482.51664
  795.00     555.90683
  796.00     641.16424
  797.00     738.07470
  798.00     844.23048
  799.00     953.67856
  800.00    1055.89612
  801.00    1136.37889
  802.00    1180.15133
  803.00    1177.65408
  804.00    1129.46053
  805.00    1045.97505
  806.00     942.37794
  807.00     832.86591
  808.00     727.47144
  809.00     631.71561
  810.00     547.71607
  811.00     475.52665
  812.00     414.16747
  813.00     362.26618
  814.00     318.40319
  815.00     281.27206
  816.00     249.73808
  817.00     222.84592
  818.00     199.80485
  819.00     179.96605
  820.00     162.79918
  821.00     147.87094
  822.00     134.82683
  823.00     123.37600
  824.00     113.27894
  825.00     104.33767
  826.00      96.38775
  827.00      89.29201
  828.00      82.93550
  829.00      77.22146
  830.00      72.06804
  831.00      67.40576
  832.00      63.17533
  833.00      59.32596
  834.00      55.81401
  835.00      52.60179
  836.00      49.65665
  837.00      46.95019
  838.00      44.45766
  839.00      42.15738
  840.00      40.03032
  841.00      38.05971
  842.00      36.23076
  843.00      34.53035
  844.00      32.94684
  845.00      31.46987
  846.00      30.09017
  847.00      28.79948
  848.00      27.59038
  849.00      26.45619
  850.00      25.39090
  851.00      24.38909
  852.00      23.44587
  853.00      22.55680
  854.00      21.71784
  855.00      20.92532
  856.00      20.17593
  857.00      19.46660
  858.00      18.79456
  859.00      18.15726
  860.00      17.55237
  861.00      16.97776
  862.00      16.43145
  863.00      15.91162
  864.00      15.41663
  865.00      14.94492
  866.00      14.49506
  867.00      14.06576
  868.00      13.65578
  869.00      13.26400
  870.00      12.88937
  871.00      12.53092
  872.00      12.18773
  873.00      11.85898
  874.00      11.54386
  875.00      11.24165
  876.00      10.95166
  877.00      10.67326
  878.00      10.40584
  879.00      10.14885
  880.00       9.90175
  881.00       9.66406
  882.00       9.43532
  883.00       9.21510
  884.00       9.00297
  885.00       8.79857
  886.00       8.60153
  887.00       8.41151
  888.00       8.22818
  889.00       8.05126
  890.00       7.88045
  891.00       7.71548
  892.00       7.55610
  893.00       7.40207
  894.00       7.25316
  895.00       7.10915
  896.00       6.96985
  897.00       6.83505
  898.00       6.70457
  899.00       6.57825
  900.00       6.45591
  901.00       6.33739
  902.00       6.22256
  903.00       6.11126
  904.00       6.00336
  905.00       5.89874
  906.00       5.79726
  907.00       5.69882
  908.00       5.60331
  909.00       5.51062
  910.00       5.42064
  911.00       5.33328
  912.00       5.24846
  913.00       5.16608
  914.00       5.08605
  915.00       5.00831
  916.00       4.93277
  917.00       4.85936
  918.00       4.78801
  919.00       4.71865
  920.00       4.65123
  921.00       4.58567
  922.00       4.52193
  923.00       4.45994
  924.00       4.39965
  925.00       4.34101
  926.00       4.28397
  927.00       4.22848
  928.00       4.17451
  929.00       4.12200
  930.00       4.07091
  931.00       4.02120
  932.00       3.97284
  933.00       3.92579
  934.00       3.88002
  935.00       3.83548
  936.00       3.79215
  937.00       3.75000
  938.00       3.70900
  939.00       3.66911
  940.00       3.63031
  941.00       3.59258
  942.00       3.55589
  943.00       3.52021
  944.00       3.48553
  945.00       3.45181
  946.00       3.41904
  947.00       3.38720
  948.00       3.35627
  949.00       3.32622
  950.00       3.29705
  951.00       3.26873
  952.00       3.24125
  953.00       3.21459
  954.00       3.18874
  955.00       3.16368
  956.00       3.13940
  957.00       3.11588
  958.00       3.09312
  959.00       3.07109
  960.00       3.04980
  961.00       3.02923
  962.00       3.00936
  963.00       2.99019
  964.00       2.97172
  965.00       2.95393
  966.00       2.93681
  967.00       2.92035
  968.00       2.90456
  969.00       2.88942
  970.00       2.87493
  971.00       2.86107
  972.00       2.84786
  973.00       2.83528
  974.00       2.82332
  975.00       2.81199
  976.00       2.80128
  977.00       2.79119
  978.00       2.78172
  979.00       2.77286
  980.00       2.76461
  981.00       2.75698
  982.00       2.74995
  983.00       2.74355
  984.00       2.73775
  985.00       2.73257
  986.00       2.72800
  987.00       2.72405
  988.00       2.72073
  989.00       2.71802
  990.00       2.71594
  991.00       2.71450
  992.00       2.71369
  993.00       2.71352
  994.00       2.71400
  995.00       2.71513
  996.00       2.71692
  997.00       2.71938
  998.00       2.72252
  999.00       2.72634
 1000.00       2.73086
 1001.00       2.73609
 1002.00       2.74202
 1003.00       2.74869
 1004.00       2.75610
 1005.00       2.76426
 1006.00       2.77319
 1007.00       2.78290
 1008.00       2.79341
 1009.00       2.80474
 1010.00       2.81690
 1011.00       2.82992
 1012.00       2.84381
 1013.00       2.85859
 1014.00       2.87429
 1015.00       2.89093
 1016.00       2.90854
 1017.00       2.92713
 1018.00       2.94675
 1019.00       2.96741
 1020.00       2.98916
 1021.00       3.01202
 1022.00       3.03602
 1023.00       3.06121
 1024.00       3.08762
 1025.00       3.11529
 1026.00       3.14427
 1027.00       3.17459
 1028.00       3.20631
 1029.00       3.23949
 1030.00       3.27416
 1031.00       3.31038
 1032.00       3.34822
 1033.00       3.38775
 1034.00       3.42901
 1035.00       3.47209
 1036.00       3.51706
 1037.00       3.56399
 1038.00       3.61297
 1039.00       3.66410
 1040.00       3.71745
 1041.00       3.77313
 1042.00       3.83125
 1043.00       3.89192
 1044.00       3.95525
 1045.00       4.02138
 1046.00       4.09043
 1047.00       4.16256
 1048.00       4.23790
 1049.00       4.31664
 1050.00       4.39893
 1051.00       4.48496
 1052.00       4.57494
 1053.00       4.66907
 1054.00       4.76759
 1055.00       4.87073
 1056.00       4.97876
 1057.00       5.09195
 1058.00       5.21061
 1059.00       5.33506
 1060.00       5.46565
 1061.00       5.60275
 1062.00       5.74678
 1063.00       5.89816
 1064.00       6.05737
 1065.00       6.22493
 1066.00       6.40139
 1067.00       6.58735
 1068.00       6.78347
 1069.00       6.99046
 1070.00       7.20909
 1071.00       7.44023
 1072.00       7.68478
 1073.00       7.94378
 1074.00       8.21832
 1075.00       8.50964
 1076.00       8.81907
 1077.00       9.14809
 1078.00       9.49835
 1079.00       9.87165
 1080.00      10.26998
 1081.00      10.69559
 1082.00      11.15094
 1083.00      11.63879
 1084.00      12.16224
 1085.00      12.72473
 1086.00      13.33016
 1087.00      13.98291
 1088.00      14.68790
 1089.00      15.45075
 1090.00      16.27779
 1091.00      17.17626
 1092.00      18.15444
 1093.00      19.22180
 1094.00      20.38924
 1095.00      21.66934
 1096.00      23.07669
 1097.00      24.62823
 1098.00      26.34378
 1099.00      28.24653
 1100.00      30.36383
 1101.00      32.72801
 1102.00      35.37746
 1103.00      38.35801
 1104.00      41.72460
 1105.00      45.54340
 1106.00      49.89444
 1107.00      54.87492
 1108.00      60.60333
 1109.00      67.22449
 1110.00      74.91566
 1111.00      83.89369
 1112.00      94.42283
 1113.00     106.82230
 1114.00     121.47108
 1115.00     138.80524
 1116.00     159.29797
 1117.00     183.40544
 1118.00     211.45045
 1119.00     243.40688
 1120.00     278.55430
 1121.00     315.03088
 1122.00     349.46829
 1123.00     377.11972
 1124.00     392.93708
 1125.00     393.49786
 1126.00     378.67251
 1127.00     351.69271
 1128.00     317.56031
 1129.00     281.09164
 1130.00     245.76578
 1131.00     213.54211
 1132.00     185.20657
 1133.00     160.82146
 1134.00     140.08019
 1135.00     122.53128
 1136.00     107.70038
 1137.00      95.14788
 1138.00      84.49052
 1139.00      75.40498
 1140.00      67.62333
 1141.00      60.92564
 1142.00      55.13209
 1143.00      50.09576
 1144.00      45.69649
 1145.00      41.83572
 1146.00      38.43232
 1147.00      35.41922
 1148.00      32.74078
 1149.00      30.35057
 1150.00      28.20972
 1151.00      26.28550
 1152.00      24.55026
 1153.00      22.98053
 1154.00      21.55627
 1155.00      20.26034
 1156.00      19.07802
 1157.00      17.99658
 1158.00      17.00502
 1159.00      16.09376
 1160.00      15.25446
 1161.00      14.47980
 1162.00      13.76339
 1163.00      13.09956
 1164.00      12.48335
 1165.00      11.91033
 1166.00      11.37658
 1167.00      10.87863
 1168.00      10.41335
 1169.00       9.97795
 1170.00       9.56996
 1171.00       9.18711
 1172.00       8.82740
 1173.00       8.48900
 1174.00       8.17026
 1175.00       7.86969
 1176.00       7.58594
 1177.00       7.31777
 1178.00       7.06407
 1179.00       6.82381
 1180.00       6.59606
 1181.00       6.37997
 1182.00       6.17474
 1183.00       5.97967
 1184.00       5.79409
 1185.00       5.61739
 1186.00       5.44902
 1187.00       5.28845
 1188.00       5.13522
 1189.00       4.98887
 1190.00       4.84900
 1191.00       4.71523
 1192.00       4.58721
 1193.00       4.46461
 1194.00       4.34713
 1195.00       4.23448
 1196.00       4.12641
 1197.00       4.02266
 1198.00       3.92300
 1199.00       3.82723
 1200.00       3.73513
 1201.00       3.64653
 1202.00       3.56124
 1203.00       3.47911
 1204.00       3.39997
 1205.00       3.32368
 1206.00       3.25010
 1207.00       3.17911
 1208.00       3.11058
 1209.00       3.04440
 1210.00       2.98046
 1211.00       2.91866
 1212.00       2.85890
 1213.00       2.80110
 1214.00       2.74517
 1215.00       2.69102
 1216.00       2.63859
 1217.00       2.58779
 1218.00       2.53856
 1219.00       2.49084
 1220.00       2.44456
 1221.00       2.39966
 1222.00       2.35609
 1223.00       2.31380
 1224.00       2.27273
 1225.00       2.23284
 1226.00       2.19409
 1227.00       2.15642
 1228.00       2.11979
 1229.00       2.08418
 1230.00       2.04954
 1231.00       2.01583
 1232.00       1.98302
 1233.00       1.95108
 1234.00       1.91998
 1235.00       1.88968
 1236.00       1.86016
 1237.00       1.83140
 1238.00       1.80336
 1239.00       1.77602
 1240.00       1.74936
 1241.00       1.72336
 1242.00       1.69798
 1243.00       1.67322
 1244.00       1.64905
 1245.00       1.62545
 1246.00       1.60241
 1247.00       1.57990
 1248.00       1.55791
 1249.00       1.53643
 1250.00       1.51543
 1251.00       1.49490
 1252.00       1.47483
 1253.00       1.45521
 1254.00       1.43602
 1255.00       1.41724
 1256.00       1.39887
 1257.00       1.38089
 1258.00       1.36329
 1259.00       1.34607
 1260.00       1.32920
 1261.00       1.31268
 1262.00       1.29650
 1263.00       1.28066
 1264.00       1.26513
 1265.00       1.24991
 1266.00       1.23500
 1267.00       1.22039
 1268.00       1.20606
 1269.00       1.19201
 1270.00       1.17823
 1271.00       1.16471
 1272.00       1.15145
 1273.00       1.13845
 1274.00       1.12569
 1275.00       1.11316
 1276.00       1.10087
 1277.00       1.08880
 1278.00       1.07696
 1279.00       1.06532
 1280.00       1.05390
 1281.00       1.04268
 1282.00       1.03166
 1283.00       1.02084
 1284.00       1.01020
 1285.00       0.99975
 1286.00       0.98948
 1287.00       0.97938
 1288.00       0.96946
 1289.00       0.95971
 1290.00       0.95011
 1291.00       0.94068
 1292.00       0.93141
 1293.00       0.92228
 1294.00       0.91331
 1295.00       0.90448
 1296.00       0.89580
 1297.00       0.88725
 1298.00       0.87885
 1299.00       0.87057
 1300.00       0.86242
 1301.00       0.85441
 1302.00       0.84651
 1303.00       0.83874
 1304.00       0.83109
 1305.00       0.82355
 1306.00       0.81613
 1307.00       0.80882
 1308.00       0.80162
 1309.00       0.79453
 1310.00       0.78755
 1311.00       0.78066
 1312.00       0.77388
 1313.00       0.76719
 1314.00       0.76060
 1315.00       0.75411
 1316.00       0.74771
 1317.00       0.74140
 1318.00       0.73518
 1319.00       0.72905
 1320.00       0.72300
 1321.00       0.71704
 1322.00       0.71116
 1323.00       0.70536
 1324.00       0.69964
 1325.00       0.69399
 1326.00       0.68843
 1327.00       0.68293
 1328.00       0.67751
 1329.00       0.67217
 1330.00       0.66689
 1331.00       0.66168
 1332.00       0.65655
 1333.00       0.65147
 1334.00       0.64647
 1335.00       0.64153
 1336.00       0.63665
 1337.00       0.63183
 1338.00       0.62708
 1339.00       0.62238
 1340.00       0.61774
 1341.00       0.61317
 1342.00       0.60864
 1343.00       0.60418
 1344.00       0.59977
 1345.00       0.59541
 1346.00       0.59110
 1347.00       0.58685
 1348.00       0.58265
 1349.00       0.57850
 1350.00       0.57440
 1351.00       0.57035
 1352.00       0.56634
 1353.00       0.56238
 1354.00       0.55847
 1355.00       0.55461
 1356.00       0.55078
 1357.00       0.54701
 1358.00       0.54327
 1359.00       0.53958
 1360.00       0.53593
 1361.00       0.53232
 1362.00       0.52876
 1363.00       0.52523
 1364.00       0.52174
 1365.00       0.51829
 1366.00       0.51488
 1367.00       0.51150
 1368.00       0.50817
 1369.00       0.50487
 1370.00       0.50160
 1371.00       0.49837
 1372.00       0.49518
 1373.00       0.49201
 1374.00       0.48889
 1375.00       0.48579
 1376.00       0.48273
 1377.00       0.47970
 1378.00       0.47670
 1379.00       0.47374
 1380.00       0.47080
 1381.00       0.46790
 1382.00       0.46502
 1383.00       0.46217
 1384.00       0.45936
 1385.00       0.45657
 1386.00       0.45381
 1387.00       0.45108
 1388.00       0.44837
 1389.00       0.44569
 1390.00       0.44304
 1391.00       0.44042
 1392.00       0.43782
 1393.00       0.43524
 1394.00       0.43269
 1395.00       0.43017
 1396.00       0.42767
 1397.00       0.42519
 1398.00       0.42274
 1399.00       0.42032
 1400.00       0.41791
 1401.00       0.41553
 1402.00       0.41317
 1403.00       0.41083
 1404.00       0.40852
 1405.00       0.40622
 1406.00       0.40395
 1407.00       0.40170
 1408.00       0.39947
 1409.00       0.39726
 1410.00       0.39507
 1411.00       0.39290
 1412.00       0.39075
 1413.00       0.38862
 1414.00       0.38651
 1415.00       0.38441
 1416.00       0.38234
 1417.00       0.38029
 1418.00       0.37825
 1419.00       0.37623
 1420.00       0.37423
 1421.00       0.37225
 1422.00       0.37028
 1423.00       0.36833
 1424.00       0.36640
 1425.00       0.36448
 1426.00       0.36259
 1427.00       0.36070
 1428.00       0.35884
 1429.00       0.35699
 1430.00       0.35515
 1431.00       0.35333
 1432.00       0.35153
 1433.00       0.34974
 1434.00       0.34797
 1435.00       0.34621
 1436.00       0.34447
 1437.00       0.34274
 1438.00       0.34102
 1439.00       0.33932
 1440.00       0.33763
 1441.00       0.33596
 1442.00       0.33430
 1443.00       0.33266
 1444.00       0.33102
 1445.00       0.32940
 1446.00       0.32780
 1447.00       0.32620
 1448.00       0.32462
 1449.00       0.32306
 1450.00       0.32150
 1451.00       0.31996
 1452.00       0.31842
 1453.00       0.31691
 1454.00       0.31540
 1455.00       0.31390
 1456.00       0.31242
 1457.00       0.31095
 1458.00       0.30948
 1459.00       0.30804
 1460.00       0.30660
 1461.00       0.30517
 1462.00       0.30375
 1463.00       0.30235
 1464.00       0.30095
 1465.00       0.29957
 1466.00       0.29819
 1467.00       0.29683
 1468.00       0.29547
 1469.00       0.29413
 1470.00       0.29280
 1471.00       0.29147
 1472.00       0.29016
 1473.00       0.28885
 1474.00       0.28756
 1475.00       0.28627
 1476.00       0.28500
 1477.00       0.28373
 1478.00       0.28247
 1479.00       0.28123
 1480.00       0.27999
 1481.00       0.27876
 1482.00       0.27754
 1483.00       0.27632
 1484.00       0.27512
 1485.00       0.27392
 1486.00       0.27274
 1487.00       0.27156
 1488.00       0.27039
 1489.00       0.26922
 1490.00       0.26807
 1491.00       0.26692
 1492.00       0.26579
 1493.00       0.26466
 1494.00       0.26353
 1495.00       0.26242
 1496.00       0.26131
 1497.00       0.26021
 1498.00       0.25912
 1499.00       0.25804
 1500.00       0.25696
 1501.00       0.25589
 1502.00       0.25483
 1503.00       0.25377
 1504.00       0.25272
 1505.00       0.25168
 1506.00       0.25065
 1507.00       0.24962
 1508.00       0.24860
 1509.00       0.24759
 1510.00       0.24658
 1511.00       0.24558
 1512.00       0.24459
 1513.00       0.24360
 1514.00       0.24262
 1515.00       0.24164
 1516.00       0.24068
 1517.00       0.23971
 1518.00       0.23876
 1519.00       0.23781
 1520.00       0.23687
 1521.00       0.23593
 1522.00       0.23500
 1523.00       0.23407
 1524.00       0.23315
 1525.00       0.23224
 1526.00       0.23133
 1527.00       0.23043
 1528.00       0.22953
 1529.00       0.22864
 1530.00       0.22776
 1531.00       0.22688
 1532.00       0.22600
 1533.00       0.22514
 1534.00       0.22427
 1535.00       0.22341
 1536.00       0.22256
 1537.00       0.22172
 1538.00       0.22087
 1539.00       0.22004
 1540.00       0.21920
 1541.00       0.21838
 1542.00       0.21756
 1543.00       0.21674
 1544.00       0.21593
 1545.00       0.21512
 1546.00       0.21432
 1547.00       0.21352
 1548.00       0.21273
 1549.00       0.21194
 1550.00       0.21116
 1551.00       0.21038
 1552.00       0.20961
 1553.00       0.20884
 1554.00       0.20807
 1555.00       0.20731
 1556.00       0.20656
 1557.00       0.20580
 1558.00       0.20506
 1559.00       0.20431
 1560.00       0.20358
 1561.00       0.20284
 1562.00       0.20211
 1563.00       0.20139
 1564.00       0.20067
 1565.00       0.19995
 1566.00       0.19924
 1567.00       0.19853
 1568.00       0.19782
 1569.00       0.19712
 1570.00       0.19642
 1571.00       0.19573
 1572.00       0.19504
 1573.00       0.19436
 1574.00       0.19368
 1575.00       0.19300
 1576.00       0.19232
 1577.00       0.19166
 1578.00       0.19099
 1579.00       0.19033
 1580.00       0.18967
 1581.00       0.18901
 1582.00       0.18836
 1583.00       0.18771
 1584.00       0.18707
 1585.00       0.18643
 1586.00       0.18579
 1587.00       0.18516
 1588.00       0.18453
 1589.00       0.18390
 1590.00       0.18328
 1591.00       0.18266
 1592.00       0.18204
 1593.00       0.18143
 1594.00       0.18082
 1595.00       0.18021
 1596.00       0.17960
 1597.00       0.17900
 1598.00       0.17841
 1599.00       0.17781
 1600.00       0.17722
 1601.00       0.17663
 1602.00       0.17605
 1603.00       0.17547
 1604.00       0.17489
 1605.00       0.17431
 1606.00       0.17374
 1607.00       0.17317
 1608.00       0.17261
 1609.00       0.17204
 1610.00       0.17148
 1611.00       0.17092
 1612.00       0.17037
 1613.00       0.16982
 1614.00       0.16927
 1615.00       0.16872
 1616.00       0.16818
 1617.00       0.16764
 1618.00       0.16710
 1619.00       0.16657
 1620.00       0.16603
 1621.00       0.16550
 1622.00       0.16498
 1623.00       0.16445
 1624.00       0.16393
 1625.00       0.16341
 1626.00       0.16289
 1627.00       0.16238
 1628.00       0.16187
 1629.00       0.16136
 1630.00       0.16085
 1631.00       0.16035
 1632.00       0.15985
 1633.00       0.15935
 1634.00       0.15885
 1635.00       0.15836
 1636.00       0.15787
 1637.00       0.15738
 1638.00       0.15689
 1639.00       0.15641
 1640.00       0.15593
 1641.00       0.15545
 1642.00       0.15497
 1643.00       0.15450
 1644.00       0.15402
 1645.00       0.15355
 1646.00       0.15309
 1647.00       0.15262
 1648.00       0.15216
 1649.00       0.15170
 1650.00       0.15124
 1651.00       0.15078
 1652.00       0.15033
 1653.00       0.14987
 1654.00       0.14942
 1655.00       0.14897
 1656.00       0.14853
 1657.00       0.14808
 1658.00       0.14764
 1659.00       0.14720
 1660.00       0.14677
 1661.00       0.14633
 1662.00       0.14590
 1663.00       0.14546
 1664.00       0.14504
 1665.00       0.14461
 1666.00       0.14418
 1667.00       0.14376
 1668.00       0.14334
 1669.00       0.14292
 1670.00       0.14250
 1671.00       0.14208
 1672.00       0.14167
 1673.00       0.14126
 1674.00       0.14085
 1675.00       0.14044
 1676.00       0.14003
 1677.00       0.13963
 1678.00       0.13923
 1679.00       0.13883
 1680.00       0.13843
 1681.00       0.13803
 1682.00       0.13763
 1683.00       0.13724
 1684.00       0.13685
 1685.00       0.13646
 1686.00       0.13607
 1687.00       0.13568
 1688.00       0.13530
 1689.00       0.13492
 1690.00       0.13454
 1691.00       0.13416
 1692.00       0.13378
 1693.00       0.13340
 1694.00       0.13303
 1695.00       0.13265
 1696.00       0.13228
 1697.00       0.13191
 1698.00       0.13154
 1699.00       0.13118
 1700.00       0.13081
 1701.00       0.13045
 1702.00       0.13009
 1703.00       0.12973
 1704.00       0.12937
 1705.00       0.12901
 1706.00       0.12866
 1707.00       0.12830
 1708.00       0.12795
 1709.00       0.12760
 1710.00       0.12725
 1711.00       0.12690
 1712.00       0.12656
 1713.00       0.12621
 1714.00       0.12587
 1715.00       0.12553
 1716.00       0.12519
 1717.00       0.12485
 1718.00       0.12451
 1719.00       0.12417
 1720.00       0.12384
 1721.00       0.12351
 1722.00       0.12317
 1723.00       0.12284
 1724.00       0.12251
 1725.00       0.12219
 1726.00       0.12186
 1727.00       0.12153
 1728.00       0.12121
 1729.00       0.12089
 1730.00       0.12057
 1731.00       0.12025
 1732.00       0.11993
 1733.00       0.11961
 1734.00       0.11930
 1735.00       0.11898
 1736.00       0.11867
 1737.00       0.11836
 1738.00       0.11805
 1739.00       0.11774
 1740.00       0.11743
 1741.00       0.11712
 1742.00       0.11682
 1743.00       0.11651
 1744.00       0.11621
 1745.00       0.11591
 1746.00       0.11561
 1747.00       0.11531
 1748.00       0.11501
 1749.00       0.11472
 1750.00       0.11442
 1751.00       0.11413
 1752.00       0.11383
 1753.00       0.11354
 1754.00       0.11325
 1755.00       0.11296
 1756.00       0.11267
 1757.00       0.11238
 1758.00       0.11210
 1759.00       0.11181
 1760.00       0.11153
 1761.00       0.11124
 1762.00       0.11096
 1763.00       0.11068
 1764.00       0.11040
 1765.00       0.11012
 1766.00       0.10985
 1767.00       0.10957
 1768.00       0.10930
 1769.00       0.10902
 1770.00       0.10875
 1771.00       0.10848
 1772.00       0.10821
 1773.00       0.10794
 1774.00       0.10767
 1775.00       0.10740
 1776.00       0.10713
 1777.00       0.10687
 1778.00       0.10660
 1779.00       0.10634
 1780.00       0.10608
 1781.00       0.10581
 1782.00       0.10555
 1783.00       0.10529
 1784.00       0.10504
 1785.00       0.10478
 1786.00       0.10452
 1787.00       0.10427
 1788.00       0.10401
 1789.00       0.10376
 1790.00       0.10350
 1791.00       0.10325
 1792.00       0.10300
 1793.00       0.10275
 1794.00       0.10250
 1795.00       0.10226
 1796.00       0.10201
 1797.00       0.10176
 1798.00       0.10152
 1799.00       0.10127
 1800.00       0.10103
 1801.00       0.10079
 1802.00       0.10055
 1803.00       0.10030
 1804.00       0.10007
 1805.00       0.09983
 1806.00       0.09959
 1807.00       0.09935
 1808.00       0.09911
 1809.00       0.09888
 1810.00       0.09865
 1811.00       0.09841
 1812.00       0.09818
 1813.00       0.09795
 1814.00       0.09772
 1815.00       0.09749
 1816.00       0.09726
 1817.00       0.09703
 1818.00       0.09680
 1819.00       0.09657
 1820.00       0.09635
 1821.00       0.09612
 1822.00       0.09590
 1823.00       0.09567
 1824.00       0.09545
 1825.00       0.09523
 1826.00       0.09501
 1827.00       0.09479
 1828.00       0.09457
 1829.00       0.09435
 1830.00       0.09413
 1831.00       0.09391
 1832.00       0.09370
 1833.00       0.09348
 1834.00       0.09327
 1835.00       0.09305
 1836.00       0.09284
 1837.00       0.09263
 1838.00       0.09242
 1839.00       0.09220
 1840.00       0.09199
 1841.00       0.09178
 1842.00       0.09158
 1843.00       0.09137
 1844.00       0.09116
 1845.00       0.09095
 1846.00       0.09075
 1847.00       0.09054
 1848.00       0.09034
 1849.00       0.09013
 1850.00       0.08993
 1851.00       0.08973
 1852.00       0.08953
 1853.00       0.08933
 1854.00       0.08913
 1855.00       0.08893
 1856.00       0.08873
 1857.00       0.08853
 1858.00       0.08833
 1859.00       0.08813
 1860.00       0.08794
 1861.00       0.08774
 1862.00       0.08755
 1863.00       0.08735
 1864.00       0.08716
 1865.00       0.08697
 1866.00       0.08678
 1867.00       0.08658
 1868.00       0.08639
 1869.00       0.08620
 1870.00       0.08601
 1871.00       0.08583
 1872.00       0.08564
 1873.00       0.08545
 1874.00       0.08526
 1875.00       0.08508
 1876.00       0.08489
 1877.00       0.08471
 1878.00       0.08452
 1879.00       0.08434
 1880.00       0.08415
 1881.00       0.08397
 1882.00       0.08379
 1883.00       0.08361
 1884.00       0.08343
 1885.00       0.08325
 1886.00       0.08307
 1887.00       0.08289
 1888.00       0.08271
 1889.00       0.08253
 1890.00       0.08236
 1891.00       0.08218
 1892.00       0.08200
 1893.00       0.08183
 1894.00       0.08165
 1895.00       0.08148
 1896.00       0.08130
 1897.00       0.08113
 1898.00       0.08096
 1899.00       0.08079
 1900.00       0.08062
 1901.00       0.08044
 1902.00       0.08027
 1903.00       0.08010
 1904.00       0.07994
 1905.00       0.07977
 1906.00       0.07960
 1907.00       0.07943
 1908.00       0.07926
 1909.00       0.07910
 1910.00       0.07893
 1911.00       0.07877
 1912.00       0.07860
 1913.00       0.07844
 1914.00       0.07827
 1915.00       0.07811
 1916.00       0.07795
 1917.00       0.07779
 1918.00       0.07762
 1919.00       0.07746
 1920.00       0.07730
 1921.00       0.07714
 1922.00       0.07698
 1923.00       0.07682
 1924.00       0.07666
 1925.00       0.07651
 1926.00       0.07635
 1927.00       0.07619
 1928.00       0.07604
 1929.00       0.07588
 1930.00       0.07572
 1931.00       0.07557
 1932.00       0.07541
 1933.00       0.07526
 1934.00       0.07511
 1935.00       0.07495
 1936.00       0.07480
 1937.00       0.07465
 1938.00       0.07450
 1939.00       0.07435
 1940.00       0.07419
 1941.00       0.07404
 1942.00       0.07389
 1943.00       0.07375
 1944.00       0.07360
 1945.00       0.07345
 1946.00       0.07330
 1947.00       0.07315
 1948.00       0.07301
 1949.00       0.07286
 1950.00       0.07271
 1951.00       0.07257
 1952.00       0.07242
 1953.00       0.07228
 1954.00       0.07213
 1955.00       0.07199
 1956.00       0.07184
 1957.00       0.07170
 1958.00       0.07156
 1959.00       0.07142
 1960.00       0.07128
 1961.00       0.07113
 1962.00       0.07099
 1963.00       0.07085
 1964.00       0.07071
 1965.00       0.07057
 1966.00       0.07043
 1967.00       0.07030
 1968.00       0.07016
 1969.00       0.07002
 1970.00       0.06988
 1971.00       0.06974
 1972.00       0.06961
 1973.00       0.06947
 1974.00       0.06934
 1975.00       0.06920
 1976.00       0.06907
 1977.00       0.06893
 1978.00       0.06880
 1979.00       0.06866
 1980.00       0.06853
 1981.00       0.06840
 1982.00       0.06826
 1983.00       0.06813
 1984.00       0.06800
 1985.00       0.06787
 1986.00       0.06774
 1987.00       0.06761
 1988.00       0.06748
 1989.00       0.06735
 1990.00       0.06722
 1991.00       0.06709
 1992.00       0.06696
 1993.00       0.06683
 1994.00       0.06670
 1995.00       0.06658
 1996.00       0.06645
 1997.00       0.06632
 1998.00       0.06619
 1999.00       0.06607
 2000.00       0.06594
 2001.00       0.06582
 2002.00       0.06569
 2003.00       0.06557
 2004.00       0.06544
 2005.00       0.06532
 2006.00       0.06520
 2007.00       0.06507
 2008.00       0.06495
 2009.00       0.06483
 2010.00       0.06471
 2011.00       0.06458
 2012.00       0.06446
 2013.00       0.06434
 2014.00       0.06422
 2015.00       0.06410
 2016.00       0.06398
 2017.00       0.06386
 2018.00       0.06374
 2019.00       0.06362
 2020.00       0.06350
 2021.00       0.06339
 2022.00       0.06327
 2023.00       0.06315
 2024.00       0.06303
 2025.00       0.06292
 2026.00       0.06280
 2027.00       0.06268
 2028.00       0.06257
 2029.00       0.06245
 2030.00       0.06234
 2031.00       0.06222
 2032.00       0.06211
 2033.00       0.06199
 2034.00       0.06188
 2035.00       0.06176
 2036.00       0.06165
 2037.00       0.06154
 2038.00       0.06142
 2039.00       0.06131
 2040.00       0.06120
 2041.00       0.06109
 2042.00       0.06098
 2043.00       0.06087
 2044.00       0.06075
 2045.00       0.06064
 2046.00       0.06053
 2047.00       0.06042
 2048.00       0.06031
 2049.00       0.06021
 2050.00       0.06010
 2051.00       0.05999
 2052.00       0.05988
 2053.00       0.05977
 2054.00       0.05966
 2055.00       0.05956
 2056.00       0.05945
 2057.00       0.05934
 2058.00       0.05923
 2059.00       0.05913
 2060.00       0.05902
 2061.00       0.05892
 2062.00       0.05881
 2063.00       0.05871
 2064.00       0.05860
 2065.00       0.05850
 2066.00       0.05839
 2067.00       0.05829
 2068.00       0.05818
 2069.00       0.05808
 2070.00       0.05798
 2071.00       0.05787
 2072.00       0.05777
 2073.00       0.05767
 2074.00       0.05757
 2075.00       0.05747
 2076.00       0.05736
 2077.00       0.05726
 2078.00       0.05716
 2079.00       0.05706
 2080.00       0.05696
 2081.00       0.05686
 2082.00       0.05676
 2083.00       0.05666
 2084.00       0.05656
 2085.00       0.05646
 2086.00       0.05636
 2087.00       0.05627
 2088.00       0.05617
 2089.00       0.05607
 2090.00       0.05597
 2091.00       0.05587
 2092.00       0.05578
 2093.00       0.05568
 2094.00       0.05558
 2095.00       0.05549
 2096.00       0.05539
 2097.00       0.05529
 2098.00       0.05520
 2099.00       0.05510
 2100.00       0.05501
 2101.00       0.05491
 2102.00       0.05482
 2103.00       0.05472
 2104.00       0.05463
 2105.00       0.05454
 2106.00       0.05444
 2107.00       0.05435
 2108.00       0.05426
 2109.00       0.05416
 2110.00       0.05407
 2111.00       0.05398
 2112.00       0.05389
 2113.00       0.05379
 2114.00       0.05370
 2115.00       0.05361
 2116.00       0.05352
 2117.00       0.05343
 2118.00       0.05334
 2119.00       0.05325
 2120.00       0.05316
 2121.00       0.05307
 2122.00       0.05298
 2123.00       0.05289
 2124.00       0.05280
 2125.00       0.05271
 2126.00       0.05262
 2127.00       0.05253
 2128.00       0.05244
 2129.00       0.05235
 2130.00       0.05227
 2131.00       0.05218
 2132.00       0.05209
 2133.00       0.05200
 2134.00       0.05192
 2135.00       0.05183
 2136.00       0.05174
 2137.00       0.05166
 2138.00       0.05157
 2139.00       0.05148
 2140.00       0.05140
 2141.00       0.05131
 2142.00       0.05123
 2143.00       0.05114
 2144.00       0.05106
 2145.00       0.05097
 2146.00       0.05089
 2147.00       0.05080
 2148.00       0.05072
 2149.00       0.05064
 2150.00       0.05055
 2151.00       0.05047
 2152.00       0.05038
 2153.00       0.05030
 2154.00       0.05022
 2155.00       0.05014
 2156.00       0.05005
 2157.00       0.04997
 2158.00       0.04989
 2159.00       0.04981
 2160.00       0.04973
 2161.00       0.04964
 2162.00       0.04956
 2163.00       0.04948
 2164.00       0.04940
 2165.00       0.04932
 2166.00       0.04924
 2167.00       0.04916
 2168.00       0.04908
 2169.00       0.04900
 2170.00       0.04892
 2171.00       0.04884
 2172.00       0.04876
 2173.00       0.04868
 2174.00       0.04861
 2175.00       0.04853
 2176.00       0.04845
 2177.00       0.04837
 2178.00       0.04829
 2179.00       0.04821
 2180.00       0.04814
 2181.00       0.04806
 2182.00       0.04798
 2183.00       0.04791
 2184.00       0.04783
 2185.00       0.04775
 2186.00       0.04768
 2187.00       0.04760
 2188.00       0.04752
 2189.00       0.04745
 2190.00       0.04737
 2191.00       0.04730
 2192.00       0.04722
 2193.00       0.04714
 2194.00       0.04707
 2195.00       0.04699
 2196.00       0.04692
 2197.00       0.04685
 2198.00       0.04677
 2199.00       0.04670
 2200.00       0.04662
 2201.00       0.04655
 2202.00       0.04648
 2203.00       0.04640
 2204.00       0.04633
 2205.00       0.04626
 2206.00       0.04618
 2207.00       0.04611
 2208.00       0.04604
 2209.00       0.04597
 2210.00       0.04589
 2211.00       0.04582
 2212.00       0.04575
 2213.00       0.04568
 2214.00       0.04561
 2215.00       0.04554
 2216.00       0.04546
 2217.00       0.04539
 2218.00       0.04532
 2219.00       0.04525
 2220.00       0.04518
 2221.00       0.04511
 2222.00       0.04504
 2223.00       0.04497
 2224.00       0.04490
 2225.00       0.04483
 2226.00       0.04476
 2227.00       0.04469
 2228.00       0.04462
 2229.00       0.04455
 2230.00       0.04449
 2231.00       0.04442
 2232.00       0.04435
 2233.00       0.04428
 2234.00       0.04421
 2235.00       0.04414
 2236.00       0.04408
 2237.00       0.04401
 2238.00       0.04394
 2239.00       0.04387
 2240.00       0.04381
 2241.00       0.04374
 2242.00       0.04367
 2243.00       0.04361
 2244.00       0.04354
 2245.00       0.04347
 2246.00       0.04341
 2247.00       0.04334
 2248.00       0.04327
 2249.00       0.04321
 2250.00       0.04314
 2251.00       0.04308
 2252.00       0.04301
 2253.00       0.04295
 2254.00       0.04288
 2255.00       0.04282
 2256.00       0.04275
 2257.00       0.04269
 2258.00       0.04262
 2259.00       0.04256
 2260.00       0.04249
 2261.00       0.04243
 2262.00       0.04237
 2263.00       0.04230
 2264.00       0.04224
 2265.00       0.04218
 2266.00       0.04211
 2267.00       0.04205
 2268.00       0.04199
 2269.00       0.04192
 2270.00       0.04186
 2271.00       0.04180
 2272.00       0.04174
 2273.00       0.04167
 2274.00       0.04161
 2275.00       0.04155
 2276.00       0.04149
 2277.00       0.04143
 2278.00       0.04136
 2279.00       0.04130
 2280.00       0.04124
 2281.00       0.04118
 2282.00       0.04112
 2283.00       0.04106
 2284.00       0.04100
 2285.00       0.04094
 2286.00       0.04088
 2287.00       0.04082
 2288.00       0.04076
 2289.00       0.04070
 2290.00       0.04064
 2291.00       0.04058
 2292.00       0.04052
 2293.00       0.04046
 2294.00       0.04040
 2295.00       0.04034
 2296.00       0.04028
 2297.00       0.04022
 2298.00       0.04016
 2299.00       0.04010
 2300.00       0.04004
 2301.00       0.03998
 2302.00       0.03993
 2303.00       0.03987
 2304.00       0.03981
 2305.00       0.03975
 2306.00       0.03969
 2307.00       0.03964
 2308.00       0.03958
 2309.00       0.03952
 2310.00       0.03946
 2311.00       0.03941
 2312.00       0.03935
 2313.00       0.03929
 2314.00       0.03924
 2315.00       0.03918
 2316.00       0.03912
 2317.00       0.03907
 2318.00       0.03901
 2319.00       0.03895
 2320.00       0.03890
 2321.00       0.03884
 2322.00       0.03879
 2323.00       0.03873
 2324.00       0.03867
 2325.00       0.03862
 2326.00       0.03856
 2327.00       0.03851
 2328.00       0.03845
 2329.00       0.03840
 2330.00       0.03834
 2331.00       0.03829
 2332.00       0.03823
 2333.00       0.03818
 2334.00       0.03813
 2335.00       0.03807
 2336.00       0.03802
 2337.00       0.03796
 2338.00       0.03791
 2339.00       0.03785
 2340.00       0.03780
 2341.00       0.03775
 2342.00       0.03769
 2343.00       0.03764
 2344.00       0.03759
 2345.00       0.03753
 2346.00       0.03748
 2347.00       0.03743
 2348.00       0.03738
 2349.00       0.03732
 2350.00       0.03727
 2351.00       0.03722
 2352.00       0.03717
 2353.00       0.03711
 2354.00       0.03706
 2355.00       0.03701
 2356.00       0.03696
 2357.00       0.03691
 2358.00       0.03685
 2359.00       0.03680
 2360.00       0.03675
 2361.00       0.03670
 2362.00       0.03665
 2363.00       0.03660
 2364.00       0.03655
 2365.00       0.03650
 2366.00       0.03644
 2367.00       0.03639
 2368.00       0.03634
 2369.00       0.03629
 2370.00       0.03624
 2371.00       0.03619
 2372.00       0.03614
 2373.00       0.03609
 2374.00       0.03604
 2375.00       0.03599
 2376.00       0.03594
 2377.00       0.03589
 2378.00       0.03584
 2379.00       0.03579
 2380.00       0.03574
 2381.00       0.03570
 2382.00       0.03565
 2383.00       0.03560
 2384.00       0.03555
 2385.00       0.03550
 2386.00       0.03545
 2387.00       0.03540
 2388.00       0.03535
 2389.00       0.03530
 2390.00       0.03526
 2391.00       0.03521
 2392.00       0.03516
 2393.00       0.03511
 2394.00       0.03506
 2395.00       0.03502
 2396.00       0.03497
 2397.00       0.03492
 2398.00       0.03487
 2399.00       0.03483
 2400.00       0.03478
 2401.00       0.03473
 2402.00       0.03468
 2403.00       0.03464
 2404.00       0.03459
 2405.00       0.03454
 2406.00       0.03450
 2407.00       0.03445
 2408.00       0.03440
 2409.00       0.03436
 2410.00       0.03431
 2411.00       0.03426
 2412.00       0.03422
 2413.00       0.03417
 2414.00       0.03413
 2415.00       0.03408
 2416.00       0.03404
 2417.00       0.03399
 2418.00       0.03394
 2419.00       0.03390
 2420.00       0.03385
 2421.00       0.03381
 2422.00       0.03376
 2423.00       0.03372
 2424.00       0.03367
 2425.00       0.03363
 2426.00       0.03358
 2427.00       0.03354
 2428.00       0.03349
 2429.00       0.03345
 2430.00       0.03340
 2431.00       0.03336
 2432.00       0.03331
 2433.00       0.03327
 2434.00       0.03323
 2435.00       0.03318
 2436.00       0.03314
 2437.00       0.03309
 2438.00       0.03305
 2439.00       0.03301
 2440.00       0.03296
 2441.00       0.03292
 2442.00       0.03288
 2443.00       0.03283
 2444.00       0.03279
 2445.00       0.03275
 2446.00       0.03270
 2447.00       0.03266
 2448.00       0.03262
 2449.00       0.03257
 2450.00       0.03253
 2451.00       0.03249
 2452.00       0.03245
 2453.00       0.03240
 2454.00       0.03236
 2455.00       0.03232
 2456.00       0.03228
 2457.00       0.03224
 2458.00       0.03219
 2459.00       0.03215
 2460.00       0.03211
 2461.00       0.03207
 2462.00       0.03203
 2463.00       0.03198
 2464.00       0.03194
 2465.00       0.03190
 2466.00       0.03186
 2467.00       0.03182
 2468.00       0.03178
 2469.00       0.03174
 2470.00       0.03169
 2471.00       0.03165
 2472.00       0.03161
 2473.00       0.03157
 2474.00       0.03153
 2475.00       0.03149
 2476.00       0.03145
 2477.00       0.03141
 2478.00       0.03137
 2479.00       0.03133
 2480.00       0.03129
 2481.00       0.03125
 2482.00       0.03121
 2483.00       0.03117
 2484.00       0.03113
 2485.00       0.03109
 2486.00       0.03105
 2487.00       0.03101
 2488.00       0.03097
 2489.00       0.03093
 2490.00       0.03089
 2491.00       0.03085
 2492.00       0.03081
 2493.00       0.03077
 2494.00       0.03073
 2495.00       0.03069
 2496.00       0.03065
 2497.00       0.03061
 2498.00       0.03058
 2499.00       0.03054
 2500.00       0.03050
 2501.00       0.03046
 2502.00       0.03042
 2503.00       0.03038
 2504.00       0.03034
 2505.00       0.03031
 2506.00       0.03027
 2507.00       0.03023
 2508.00       0.03019
 2509.00       0.03015
 2510.00       0.03011
 2511.00       0.03008
 2512.00       0.03004
 2513.00       0.03000
 2514.00       0.02996
 2515.00       0.02993
 2516.00       0.02989
 2517.00       0.02985
 2518.00       0.02981
 2519.00       0.02978
 2520.00       0.02974
 2521.00       0.02970
 2522.00       0.02966
 2523.00       0.02963
 2524.00       0.02959
 2525.00       0.02955
 2526.00       0.02952
 2527.00       0.02948
 2528.00       0.02944
 2529.00       0.02941
 2530.00       0.02937
 2531.00       0.02933
 2532.00       0.02930
 2533.00       0.02926
 2534.00       0.02922
 2535.00       0.02919
 2536.00       0.02915
 2537.00       0.02911
 2538.00       0.02908
 2539.00       0.02904
 2540.00       0.02901
 2541.00       0.02897
 2542.00       0.02894
 2543.00       0.02890
 2544.00       0.02886
 2545.00       0.02883
 2546.00       0.02879
 2547.00       0.02876
 2548.00       0.02872
 2549.00       0.02869
 2550.00       0.02865
 2551.00       0.02862
 2552.00       0.02858
 2553.00       0.02855
 2554.00       0.02851
 2555.00       0.02848
 2556.00       0.02844
 2557.00       0.02841
 2558.00       0.02837
 2559.00       0.02834
 2560.00       0.02830
 2561.00       0.02827
 2562.00       0.02823
 2563.00       0.02820
 2564.00       0.02816
 2565.00       0.02813
 2566.00       0.02810
 2567.00       0.02806
 2568.00       0.02803
 2569.00       0.02799
 2570.00       0.02796
 2571.00       0.02793
 2572.00       0.02789
 2573.00       0.02786
 2574.00       0.02782
 2575.00       0.02779
 2576.00       0.02776
 2577.00       0.02772
 2578.00       0.02769
 2579.00       0.02766
 2580.00       0.02762
 2581.00       0.02759
 2582.00       0.02756
 2583.00       0.02752
 2584.00       0.02749
 2585.00       0.02746
 2586.00       0.02742
 2587.00       0.02739
 2588.00       0.02736
 2589.00       0.02733
 2590.00       0.02729
 2591.00       0.02726
 2592.00       0.02723
 2593.00       0.02719
 2594.00       0.02716
 2595.00       0.02713
 2596.00       0.02710
 2597.00       0.02707
 2598.00       0.02703
 2599.00       0.02700
 2600.00       0.02697
 2601.00       0.02694
 2602.00       0.02690
 2603.00       0.02687
 2604.00       0.02684
 2605.00       0.02681
 2606.00       0.02678
 2607.00       0.02674
 2608.00       0.02671
 2609.00       0.02668
 2610.00       0.02665
 2611.00       0.02662
 2612.00       0.02659
 2613.00       0.02656
 2614.00       0.02652
 2615.00       0.02649
 2616.00       0.02646
 2617.00       0.02643
 2618.00       0.02640
 2619.00       0.02637
 2620.00       0.02634
 2621.00       0.02631
 2622.00       0.02628
 2623.00       0.02624
 2624.00       0.02621
 2625.00       0.02618
 2626.00       0.02615
 2627.00       0.02612
 2628.00       0.02609
 2629.00       0.02606
 2630.00       0.02603
 2631.00       0.02600
 2632.00       0.02597
 2633.00       0.02594
 2634.00       0.02591
 2635.00       0.02588
 2636.00       0.02585
 2637.00       0.02582
 2638.00       0.02579
 2639.00       0.02576
 2640.00       0.02573
 2641.00       0.02570
 2642.00       0.02567
 2643.00       0.02564
 2644.00       0.02561
 2645.00       0.02558
 2646.00       0.02555
 2647.00       0.02552
 2648.00       0.02549
 2649.00       0.02546
 2650.00       0.02543
 2651.00       0.02540
 2652.00       0.02537
 2653.00       0.02534
 2654.00       0.02531
 2655.00       0.02528
 2656.00       0.02526
 2657.00       0.02523
 2658.00       0.02520
 2659.00       0.02517
 2660.00       0.02514
 2661.00       0.02511
 2662.00       0.02508
 2663.00       0.02505
 2664.00       0.02502
 2665.00       0.02500
 2666.00       0.02497
 2667.00       0.02494
 2668.00       0.02491
 2669.00       0.02488
 2670.00       0.02485
 2671.00       0.02482
 2672.00       0.02480
 2673.00       0.02477
 2674.00       0.02474
 2675.00       0.02471
 2676.00       0.02468
 2677.00       0.02466
 2678.00       0.02463
 2679.00       0.02460
 2680.00       0.02457
 2681.00       0.02454
 2682.00       0.02452
 2683.00       0.02449
 2684.00       0.02446
 2685.00       0.02443
 2686.00       0.02440
 2687.00       0.02438
 2688.00       0.02435
 2689.00       0.02432
 2690.00       0.02429
 2691.00       0.02427
 2692.00       0.02424
 2693.00       0.02421
 2694.00       0.02418
 2695.00       0.02416
 2696.00       0.02413
 2697.00       0.02410
 2698.00       0.02408
 2699.00       0.02405
 2700.00       0.02402
 2701.00       0.02400
 2702.00       0.02397
 2703.00       0.02394
 2704.00       0.02391
 2705.00       0.02389
 2706.00       0.02386
 2707.00       0.02383
 2708.00       0.02381
 2709.00       0.02378
 2710.00       0.02375
 2711.00       0.02373
 2712.00       0.02370
 2713.00       0.02368
 2714.00       0.02365
 2715.00       0.02362
 2716.00       0.02360
 2717.00       0.02357
 2718.00       0.02354
 2719.00       0.02352
 2720.00       0.02349
 2721.00       0.02347
 2722.00       0.02344
 2723.00       0.02341
 2724.00       0.02339
 2725.00       0.02336
 2726.00       0.02334
 2727.00       0.02331
 2728.00       0.02328
 2729.00       0.02326
 2730.00       0.02323
 2731.00       0.02321
 2732.00       0.02318
 2733.00       0.02316
 2734.00       0.02313
 2735.00       0.02311
 2736.00       0.02308
 2737.00       0.02305
 2738.00       0.02303
 2739.00       0.02300
 2740.00       0.02298
 2741.00       0.02295
 2742.00       0.02293
 2743.00       0.02290
 2744.00       0.02288
 2745.00       0.02285
 2746.00       0.02283
 2747.00       0.02280
 2748.00       0.02278
 2749.00       0.02275
 2750.00       0.02273
 2751.00       0.02270
 2752.00       0.02268
 2753.00       0.02265
 2754.00       0.02263
 2755.00       0.02260
 2756.00       0.02258
 2757.00       0.02256
 2758.00       0.02253
 2759.00       0.02251
 2760.00       0.02248
 2761.00       0.02246
 2762.00       0.02243
 2763.00       0.02241
 2764.00       0.02238
 2765.00       0.02236
 2766.00       0.02234
 2767.00       0.02231
 2768.00       0.02229
 2769.00       0.02226
 2770.00       0.02224
 2771.00       0.02222
 2772.00       0.02219
 2773.00       0.02217
 2774.00       0.02214
 2775.00       0.02212
 2776.00       0.02210
 2777.00       0.02207
 2778.00       0.02205
 2779.00       0.02203
 2780.00       0.02200
 2781.00       0.02198
 2782.00       0.02195
 2783.00       0.02193
 2784.00       0.02191
 2785.00       0.02188
 2786.00       0.02186
 2787.00       0.02184
 2788.00       0.02181
 2789.00       0.02179
 2790.00       0.02177
 2791.00       0.02174
 2792.00       0.02172
 2793.00       0.02170
 2794.00       0.02167
 2795.00       0.02165
 2796.00       0.02163
 2797.00       0.02161
 2798.00       0.02158
 2799.00       0.02156
 2800.00       0.02154
 2801.00       0.02151
 2802.00       0.02149
 2803.00       0.02147
 2804.00       0.02145
 2805.00       0.02142
 2806.00       0.02140
 2807.00       0.02138
 2808.00       0.02136
 2809.00       0.02133
 2810.00       0.02131
 2811.00       0.02129
 2812.00       0.02127
 2813.00       0.02124
 2814.00       0.02122
 2815.00       0.02120
 2816.00       0.02118
 2817.00       0.02115
 2818.00       0.02113
 2819.00       0.02111
 2820.00       0.02109
 2821.00       0.02106
 2822.00       0.02104
 2823.00       0.02102
 2824.00       0.02100
 2825.00       0.02098
 2826.00       0.02095
 2827.00       0.02093
 2828.00       0.02091
 2829.00       0.02089
 2830.00       0.02087
 2831.00       0.02085
 2832.00       0.02082
 2833.00       0.02080
 2834.00       0.02078
 2835.00       0.02076
 2836.00       0.02074
 2837.00       0.02071
 2838.00       0.02069
 2839.00       0.02067
 2840.00       0.02065
 2841.00       0.02063
 2842.00       0.02061
 2843.00       0.02059
 2844.00       0.02056
 2845.00       0.02054
 2846.00       0.02052
 2847.00       0.02050
 2848.00       0.02048
 2849.00       0.02046
 2850.00       0.02044
 2851.00       0.02042
 2852.00       0.02040
 2853.00       0.02037
 2854.00       0.02035
 2855.00       0.02033
 2856.00       0.02031
 2857.00       0.02029
 2858.00       0.02027
 2859.00       0.02025
 2860.00       0.02023
 2861.00       0.02021
 2862.00       0.02019
 2863.00       0.02017
 2864.00       0.02014
 2865.00       0.02012
 2866.00       0.02010
 2867.00       0.02008
 2868.00       0.02006
 2869.00       0.02004
 2870.00       0.02002
 2871.00       0.02000
 2872.00       0.01998
 2873.00       0.01996
 2874.00       0.01994
 2875.00       0.01992
 2876.00       0.01990
 2877.00       0.01988
 2878.00       0.01986
 2879.00       0.01984
 2880.00       0.01982
 2881.00       0.01980
 2882.00       0.01978
 2883.00       0.01976
 2884.00       0.01974
 2885.00       0.01972
 2886.00       0.01970
 2887.00       0.01968
 2888.00       0.01966
 2889.00       0.01964
 2890.00       0.01962
 2891.00       0.01960
 2892.00       0.01958
 2893.00       0.01956
 2894.00       0.01954
 2895.00       0.01952
 2896.00       0.01950
 2897.00       0.01948
 2898.00       0.01946
 2899.00       0.01944
 2900.00       0.01942
 2901.00       0.01940
 2902.00       0.01938
 2903.00       0.01936
 2904.00       0.01934
 2905.00       0.01932
 2906.00       0.01930
 2907.00       0.01928
 2908.00       0.01926
 2909.00       0.01925
 2910.00       0.01923
 2911.00       0.01921
 2912.00       0.01919
 2913.00       0.01917
 2914.00       0.01915
 2915.00       0.01913
 2916.00       0.01911
 2917.00       0.01909
 2918.00       0.01907
 2919.00       0.01905
 2920.00       0.01904
 2921.00       0.01902
 2922.00       0.01900
 2923.00       0.01898
 2924.00       0.01896
 2925.00       0.01894
 2926.00       0.01892
 2927.00       0.01890
 2928.00       0.01888
 2929.00       0.01887
 2930.00       0.01885
 2931.00       0.01883
 2932.00       0.01881
 2933.00       0.01879
 2934.00       0.01877
 2935.00       0.01875
 2936.00       0.01873
 2937.00       0.01872
 2938.00       0.01870
 2939.00       0.01868
 2940.00       0.01866
 2941.00       0.01864
 2942.00       0.01862
 2943.00       0.01861
 2944.00       0.01859
 2945.00       0.01857
 2946.00       0.01855
 2947.00       0.01853
 2948.00       0.01851
 2949.00       0.01850
 2950.00       0.01848
 2951.00       0.01846
 2952.00       0.01844
 2953.00       0.01842
 2954.00       0.01841
 2955.00       0.01839
 2956.00       0.01837
 2957.00       0.01835
 2958.00       0.01833
 2959.00       0.01832
 2960.00       0.01830
 2961.00       0.01828
 2962.00       0.01826
 2963.00       0.01824
 2964.00       0.01823
 2965.00       0.01821
 2966.00       0.01819
 2967.00       0.01817
 2968.00       0.01816
 2969.00       0.01814
 2970.00       0.01812
 2971.00       0.01810
 2972.00       0.01809
 2973.00       0.01807
 2974.00       0.01805
 2975.00       0.01803
 2976.00       0.01802
 2977.00       0.01800
 2978.00       0.01798
 2979.00       0.01796
 2980.00       0.01795
 2981.00       0.01793
 2982.00       0.01791
 2983.00       0.01789
 2984.00       0.01788
 2985.00       0.01786
 2986.00       0.01784
 2987.00       0.01782
 2988.00       0.01781
 2989.00       0.01779
 2990.00       0.01777
 2991.00       0.01776
 2992.00       0.01774
 2993.00       0.01772
 2994.00       0.01770
 2995.00       0.01769
 2996.00       0.01767
 2997.00       0.01765
 2998.00       0.01764
 2999.00       0.01762
 3000.00       0.01760
 3001.00       0.01759
 3002.00       0.01757
 3003.00       0.01755
 3004.00       0.01754
 3005.00       0.01752
 3006.00       0.01750
 3007.00       0.01749
 3008.00       0.01747
 3009.00       0.01745
 3010.00       0.01744
 3011.00       0.01742
 3012.00       0.01740
 3013.00       0.01739
 3014.00       0.01737
 3015.00       0.01735
 3016.00       0.01734
 3017.00       0.01732
 3018.00       0.01730
 3019.00       0.01729
 3020.00       0.01727
 3021.00       0.01725
 3022.00       0.01724
 3023.00       0.01722
 3024.00       0.01721
 3025.00       0.01719
 3026.00       0.01717
 3027.00       0.01716
 3028.00       0.01714
 3029.00       0.01712
 3030.00       0.01711
 3031.00       0.01709
 3032.00       0.01708
 3033.00       0.01706
 3034.00       0.01704
 3035.00       0.01703
 3036.00       0.01701
 3037.00       0.01700
 3038.00       0.01698
 3039.00       0.01696
 3040.00       0.01695
 3041.00       0.01693
 3042.00       0.01692
 3043.00       0.01690
 3044.00       0.01688
 3045.00       0.01687
 3046.00       0.01685
 3047.00       0.01684
 3048.00       0.01682
 3049.00       0.01680
 3050.00       0.01679
 3051.00       0.01677
 3052.00       0.01676
 3053.00       0.01674
 3054.00       0.01673
 3055.00       0.01671
 3056.00       0.01670
 3057.00       0.01668
 3058.00       0.01666
 3059.00       0.01665
 3060.00       0.01663
 3061.00       0.01662
 3062.00       0.01660
 3063.00       0.01659
 3064.00       0.01657
 3065.00       0.01656
 3066.00       0.01654
 3067.00       0.01653
 3068.00       0.01651
 3069.00       0.01649
 3070.00       0.01648
 3071.00       0.01646
 3072.00       0.01645
 3073.00       0.01643
 3074.00       0.01642
 3075.00       0.01640
 3076.00       0.01639
 3077.00       0.01637
 3078.00       0.01636
 3079.00       0.01634
 3080.00       0.01633
 3081.00       0.01631
 3082.00       0.01630
 3083.00       0.01628
 3084.00       0.01627
 3085.00       0.01625
 3086.00       0.01624
 3087.00       0.01622
 3088.00       0.01621
 3089.00       0.01619
 3090.00       0.01618
 3091.00       0.01616
 3092.00       0.01615
 3093.00       0.01613
 3094.00       0.01612
 3095.00       0.01610
 3096.00       0.01609
 3097.00       0.01607
 3098.00       0.01606
 3099.00       0.01605
 3100.00       0.01603
 3101.00       0.01602
 3102.00       0.01600
 3103.00       0.01599
 3104.00       0.01597
 3105.00       0.01596
 3106.00       0.01594
 3107.00       0.01593
 3108.00       0.01591
 3109.00       0.01590
 3110.00       0.01589
 3111.00       0.01587
 3112.00       0.01586
 3113.00       0.01584
 3114.00       0.01583
 3115.00       0.01581
 3116.00       0.01580
 3117.00       0.01578
 3118.00       0.01577
 3119.00       0.01576
 3120.00       0.01574
 3121.00       0.01573
 3122.00       0.01571
 3123.00       0.01570
 3124.00       0.01568
 3125.00       0.01567
 3126.00       0.01566
 3127.00       0.01564
 3128.00       0.01563
 3129.00       0.01561
 3130.00       0.01560
 3131.00       0.01559
 3132.00       0.01557
 3133.00       0.01556
 3134.00       0.01554
 3135.00       0.01553
 3136.00       0.01552
 3137.00       0.01550
 3138.00       0.01549
 3139.00       0.01547
 3140.00       0.01546
 3141.00       0.01545
 3142.00       0.01543
 3143.00       0.01542
 3144.00       0.01540
 3145.00       0.01539
 3146.00       0.01538
 3147.00       0.01536
 3148.00       0.01535
 3149.00       0.01534
 3150.00       0.01532
 3151.00       0.01531
 3152.00       0.01530
 3153.00       0.01528
 3154.00       0.01527
 3155.00       0.01525
 3156.00       0.01524
 3157.00       0.01523
 3158.00       0.01521
 3159.00       0.01520
 3160.00       0.01519
 3161.00       0.01517
 3162.00       0.01516
 3163.00       0.01515
 3164.00       0.01513
 3165.00       0.01512
 3166.00       0.01511
 3167.00       0.01509
 3168.00       0.01508
 3169.00       0.01507
 3170.00       0.01505
 3171.00       0.01504
 3172.00       0.01503
 3173.00       0.01501
 3174.00       0.01500
 3175.00       0.01499
 3176.00       0.01497
 3177.00       0.01496
 3178.00       0.01495
 3179.00       0.01493
 3180.00       0.01492
 3181.00       0.01491
 3182.00       0.01489
 3183.00       0.01488
 3184.00       0.01487
 3185.00       0.01485
 3186.00       0.01484
 3187.00       0.01483
 3188.00       0.01482
 3189.00       0.01480
 3190.00       0.01479
 3191.00       0.01478
 3192.00       0.01476
 3193.00       0.01475
 3194.00       0.01474
 3195.00       0.01472
 3196.00       0.01471
 3197.00       0.01470
 3198.00       0.01469
 3199.00       0.01467
 3200.00       0.01466
 3201.00       0.01465
 3202.00       0.01464
 3203.00       0.01462
 3204.00       0.01461
 3205.00       0.01460
 3206.00       0.01458
 3207.00       0.01457
 3208.00       0.01456
 3209.00       0.01455
 3210.00       0.01453
 3211.00       0.01452
 3212.00       0.01451
 3213.00       0.01450
 3214.00       0.01448
 3215.00       0.01447
 3216.00       0.01446
 3217.00       0.01445
 3218.00       0.01443
 3219.00       0.01442
 3220.00       0.01441
 3221.00       0.01440
 3222.00       0.01438
 3223.00       0.01437
 3224.00       0.01436
 3225.00       0.01435
 3226.00       0.01433
 3227.00       0.01432
 3228.00       0.01431
 3229.00       0.01430
 3230.00       0.01428
 3231.00       0.01427
 3232.00       0.01426
 3233.00       0.01425
 3234.00       0.01423
 3235.00       0.01422
 3236.00       0.01421
 3237.00       0.01420
 3238.00       0.01419
 3239.00       0.01417
 3240.00       0.01416
 3241.00       0.01415
 3242.00       0.01414
 3243.00       0.01413
 3244.00       0.01411
 3245.00       0.01410
 3246.00       0.01409
 3247.00       0.01408
 3248.00       0.01406
 3249.00       0.01405
 3250.00       0.01404
 3251.00       0.01403
 3252.00       0.01402
 3253.00       0.01400
 3254.00       0.01399
 3255.00       0.01398
 3256.00       0.01397
 3257.00       0.01396
 3258.00       0.01395
 3259.00       0.01393
 3260.00       0.01392
 3261.00       0.01391
 3262.00       0.01390
 3263.00       0.01389
 3264.00       0.01387
 3265.00       0.01386
 3266.00       0.01385
 3267.00       0.01384
 3268.00       0.01383
 3269.00       0.01382
 3270.00       0.01380
 3271.00       0.01379
 3272.00       0.01378
 3273.00       0.01377
 3274.00       0.01376
 3275.00       0.01375
 3276.00       0.01373
 3277.00       0.01372
 3278.00       0.01371
 3279.00       0.01370
 3280.00       0.01369
 3281.00       0.01368
 3282.00       0.01366
 3283.00       0.01365
 3284.00       0.01364
 3285.00       0.01363
 3286.00       0.01362
 3287.00       0.01361
 3288.00       0.01360
 3289.00       0.01358
 3290.00       0.01357
 3291.00       0.01356
 3292.00       0.01355
 3293.00       0.01354
 3294.00       0.01353
 3295.00       0.01352
 3296.00       0.01350
 3297.00       0.01349
 3298.00       0.01348
 3299.00       0.01347
 3300.00       0.01346
 3301.00       0.01345
 3302.00       0.01344
 3303.00       0.01343
 3304.00       0.01341
 3305.00       0.01340
 3306.00       0.01339
 3307.00       0.01338
 3308.00       0.01337
 3309.00       0.01336
 3310.00       0.01335
 3311.00       0.01334
 3312.00       0.01333
 3313.00       0.01331
 3314.00       0.01330
 3315.00       0.01329
 3316.00       0.01328
 3317.00       0.01327
 3318.00       0.01326
 3319.00       0.01325
 3320.00       0.01324
 3321.00       0.01323
 3322.00       0.01322
 3323.00       0.01320
 3324.00       0.01319
 3325.00       0.01318
 3326.00       0.01317
 3327.00       0.01316
 3328.00       0.01315
 3329.00       0.01314
 3330.00       0.01313
 3331.00       0.01312
 3332.00       0.01311
 3333.00       0.01310
 3334.00       0.01309
 3335.00       0.01307
 3336.00       0.01306
 3337.00       0.01305
 3338.00       0.01304
 3339.00       0.01303
 3340.00       0.01302
 3341.00       0.01301
 3342.00       0.01300
 3343.00       0.01299
 3344.00       0.01298
 3345.00       0.01297
 3346.00       0.01296
 3347.00       0.01295
 3348.00       0.01294
 3349.00       0.01292
 3350.00       0.01291
 3351.00       0.01290
 3352.00       0.01289
 3353.00       0.01288
 3354.00       0.01287
 3355.00       0.01286
 3356.00       0.01285
 3357.00       0.01284
 3358.00       0.01283
 3359.00       0.01282
 3360.00       0.01281
 3361.00       0.01280
 3362.00       0.01279
 3363.00       0.01278
 3364.00       0.01277
 3365.00       0.01276
 3366.00       0.01275
 3367.00       0.01274
 3368.00       0.01273
 3369.00       0.01272
 3370.00       0.01271
 3371.00       0.01269
 3372.00       0.01268
 3373.00       0.01267
 3374.00       0.01266
 3375.00       0.01265
 3376.00       0.01264
 3377.00       0.01263
 3378.00       0.01262
 3379.00       0.01261
 3380.00       0.01260
 3381.00       0.01259
 3382.00       0.01258
 3383.00       0.01257
 3384.00       0.01256
 3385.00       0.01255
 3386.00       0.01254
 3387.00       0.01253
 3388.00       0.01252
 3389.00       0.01251
 3390.00       0.01250
 3391.00       0.01249
 3392.00       0.01248
 3393.00       0.01247
 3394.00       0.01246
 3395.00       0.01245
 3396.00       0.01244
 3397.00       0.01243
 3398.00       0.01242
 3399.00       0.01241
 3400.00       0.01240
 3401.00       0.01239
 3402.00       0.01238
 3403.00       0.01237
 3404.00       0.01236
 3405.00       0.01235
 3406.00       0.01234
 3407.00       0.01233
 3408.00       0.01232
 3409.00       0.01231
 3410.00       0.01230
 3411.00       0.01229
 3412.00       0.01228
 3413.00       0.01227
 3414.00       0.01226
 3415.00       0.01225
 3416.00       0.01224
 3417.00       0.01223
 3418.00       0.01222
 3419.00       0.01221
 3420.00       0.01220
 3421.00       0.01219
 3422.00       0.01219
 3423.00       0.01218
 3424.00       0.01217
 3425.00       0.01216
 3426.00       0.01215
 3427.00       0.01214
 3428.00       0.01213
 3429.00       0.01212
 3430.00       0.01211
 3431.00       0.01210
 3432.00       0.01209
 3433.00       0.01208
 3434.00       0.01207
 3435.00       0.01206
 3436.00       0.01205
 3437.00       0.01204
 3438.00       0.01203
 3439.00       0.01202
 3440.00       0.01201
 3441.00       0.01200
 3442.00       0.01199
 3443.00       0.01198
 3444.00       0.01197
 3445.00       0.01197
 3446.00       0.01196
 3447.00       0.01195
 3448.00       0.01194
 3449.00       0.01193
 3450.00       0.01192
 3451.00       0.01191
 3452.00       0.01190
 3453.00       0.01189
 3454.00       0.01188
 3455.00       0.01187
 3456.00       0.01186
 3457.00       0.01185
 3458.00       0.01184
 3459.00       0.01183
 3460.00       0.01183
 3461.00       0.01182
 3462.00       0.01181
 3463.00       0.01180
 3464.00       0.01179
 3465.00       0.01178
 3466.00       0.01177
 3467.00       0.01176
 3468.00       0.01175
 3469.00       0.01174
 3470.00       0.01173
 3471.00       0.01172
 3472.00       0.01171
 3473.00       0.01171
 3474.00       0.01170
 3475.00       0.01169
 3476.00       0.01168
 3477.00       0.01167
 3478.00       0.01166
 3479.00       0.01165
 3480.00       0.01164
 3481.00       0.01163
 3482.00       0.01162
 3483.00       0.01161
 3484.00       0.01161
 3485.00       0.01160
 3486.00       0.01159
 3487.00       0.01158
 3488.00       0.01157
 3489.00       0.01156
 3490.00       0.01155
 3491.00       0.01154
 3492.00       0.01153
 3493.00       0.01153
 3494.00       0.01152
 3495.00       0.01151
 3496.00       0.01150
 3497.00       0.01149
 3498.00       0.01148
 3499.00       0.01147
 3500.00       0.01146
 3501.00       0.01145
 3502.00       0.01145
 3503.00       0.01144
 3504.00       0.01143
 3505.00       0.01142
 3506.00       0.01141
 3507.00       0.01140
 3508.00       0.01139
 3509.00       0.01138
 3510.00       0.01138
 3511.00       0.01137
 3512.00       0.01136
 3513.00       0.01135
 3514.00       0.01134
 3515.00       0.01133
 3516.00       0.01132
 3517.00       0.01131
 3518.00       0.01131
 3519.00       0.01130
 3520.00       0.01129
 3521.00       0.01128
 3522.00       0.01127
 3523.00       0.01126
 3524.00       0.01125
 3525.00       0.01125
 3526.00       0.01124
 3527.00       0.01123
 3528.00       0.01122
 3529.00       0.01121
 3530.00       0.01120
 3531.00       0.01119
 3532.00       0.01119
 3533.00       0.01118
 3534.00       0.01117
 3535.00       0.01116
 3536.00       0.01115
 3537.00       0.01114
 3538.00       0.01113
 3539.00       0.01113
 3540.00       0.01112
 3541.00       0.01111
 3542.00       0.01110
 3543.00       0.01109
 3544.00       0.01108
 3545.00       0.01108
 3546.00       0.01107
 3547.00       0.01106
 3548.00       0.01105
 3549.00       0.01104
 3550.00       0.01103
 3551.00       0.01103
 3552.00       0.01102
 3553.00       0.01101
 3554.00       0.01100
 3555.00       0.01099
 3556.00       0.01098
 3557.00       0.01098
 3558.00       0.01097
 3559.00       0.01096
 3560.00       0.01095
 3561.00       0.01094
 3562.00       0.01093
 3563.00       0.01093
 3564.00       0.01092
 3565.00       0.01091
 3566.00       0.01090
 3567.00       0.01089
 3568.00       0.01089
 3569.00       0.01088
 3570.00       0.01087
 3571.00       0.01086
 3572.00       0.01085
 3573.00       0.01084
 3574.00       0.01084
 3575.00       0.01083
 3576.00       0.01082
 3577.00       0.01081
 3578.00       0.01080
 3579.00       0.01080
 3580.00       0.01079
 3581.00       0.01078
 3582.00       0.01077
 3583.00       0.01076
 3584.00       0.01076
 3585.00       0.01075
 3586.00       0.01074
 3587.00       0.01073
 3588.00       0.01072
 3589.00       0.01072
 3590.00       0.01071
 3591.00       0.01070
 3592.00       0.01069
 3593.00       0.01068
 3594.00       0.01068
 3595.00       0.01067
 3596.00       0.01066
 3597.00       0.01065
 3598.00       0.01064
 3599.00       0.01064
 3600.00       0.01063
 3601.00       0.01062
 3602.00       0.01061
 3603.00       0.01060
 3604.00       0.01060
 3605.00       0.01059
 3606.00       0.01058
 3607.00       0.01057
 3608.00       0.01057
 3609.00       0.01056
 3610.00       0.01055
 3611.00       0.01054
 3612.00       0.01053
 3613.00       0.01053
 3614.00       0.01052
 3615.00       0.01051
 3616.00       0.01050
 3617.00       0.01050
 3618.00       0.01049
 3619.00       0.01048
 3620.00       0.01047
 3621.00       0.01046
 3622.00       0.01046
 3623.00       0.01045
 3624.00       0.01044
 3625.00       0.01043
 3626.00       0.01043
 3627.00       0.01042
 3628.00       0.01041
 3629.00       0.01040
 3630.00       0.01040
 3631.00       0.01039
 3632.00       0.01038
 3633.00       0.01037
 3634.00       0.01036
 3635.00       0.01036
 3636.00       0.01035
 3637.00       0.01034
 3638.00       0.01033
 3639.00       0.01033
 3640.00       0.01032
 3641.00       0.01031
 3642.00       0.01030
 3643.00       0.01030
 3644.00       0.01029
 3645.00       0.01028
 3646.00       0.01027
 3647.00       0.01027
 3648.00       0.01026
 3649.00       0.01025
 3650.00       0.01024
 3651.00       0.01024
 3652.00       0.01023
 3653.00       0.01022
 3654.00       0.01021
 3655.00       0.01021
 3656.00       0.01020
 3657.00       0.01019
 3658.00       0.01018
 3659.00       0.01018
 3660.00       0.01017
 3661.00       0.01016
 3662.00       0.01016
 3663.00       0.01015
 3664.00       0.01014
 3665.00       0.01013
 3666.00       0.01013
 3667.00       0.01012
 3668.00       0.01011
 3669.00       0.01010
 3670.00       0.01010
 3671.00       0.01009
 3672.00       0.01008
 3673.00       0.01007
 3674.00       0.01007
 3675.00       0.01006
 3676.00       0.01005
 3677.00       0.01005
 3678.00       0.01004
 3679.00       0.01003
 3680.00       0.01002
 3681.00       0.01002
 3682.00       0.01001
 3683.00       0.01000
 3684.00       0.01000
 3685.00       0.00999
 3686.00       0.00998
 3687.00       0.00997
 3688.00       0.00997
 3689.00       0.00996
 3690.00       0.00995
 3691.00       0.00995
 3692.00       0.00994
 3693.00       0.00993
 3694.00       0.00992
 3695.00       0.00992
 3696.00       0.00991
 3697.00       0.00990
 3698.00       0.00990
 3699.00       0.00989
 3700.00       0.00988
 3701.00       0.00987
 3702.00       0.00987
 3703.00       0.00986
 3704.00       0.00985
 3705.00       0.00985
 3706.00       0.00984
 3707.00       0.00983
 3708.00       0.00982
 3709.00       0.00982
 3710.00       0.00981
 3711.00       0.00980
 3712.00       0.00980
 3713.00       0.00979
 3714.00       0.00978
 3715.00       0.00978
 3716.00       0.00977
 3717.00       0.00976
 3718.00       0.00976
 3719.00       0.00975
 3720.00       0.00974
 3721.00       0.00973
 3722.00       0.00973
 3723.00       0.00972
 3724.00       0.00971
 3725.00       0.00971
 3726.00       0.00970
 3727.00       0.00969
 3728.00       0.00969
 3729.00       0.00968
 3730.00       0.00967
 3731.00       0.00967
 3732.00       0.00966
 3733.00       0.00965
 3734.00       0.00965
 3735.00       0.00964
 3736.00       0.00963
 3737.00       0.00962
 3738.00       0.00962
 3739.00       0.00961
 3740.00       0.00960
 3741.00       0.00960
 3742.00       0.00959
 3743.00       0.00958
 3744.00       0.00958
 3745.00       0.00957
 3746.00       0.00956
 3747.00       0.00956
 3748.00       0.00955
 3749.00       0.00954
 3750.00       0.00954
 3751.00       0.00953
 3752.00       0.00952
 3753.00       0.00952
 3754.00       0.00951
 3755.00       0.00950
 3756.00       0.00950
 3757.00       0.00949
 3758.00       0.00948
 3759.00       0.00948
 3760.00       0.00947
 3761.00       0.00946
 3762.00       0.00946
 3763.00       0.00945
 3764.00       0.00944
 3765.00       0.00944
 3766.00       0.00943
 3767.00       0.00942
 3768.00       0.00942
 3769.00       0.00941
 3770.00       0.00940
 3771.00       0.00940
 3772.00       0.00939
 3773.00       0.00938
 3774.00       0.00938
 3775.00       0.00937
 3776.00       0.00937
 3777.00       0.00936
 3778.00       0.00935
 3779.00       0.00935
 3780.00       0.00934
 3781.00       0.00933
 3782.00       0.00933
 3783.00       0.00932
 3784.00       0.00931
 3785.00       0.00931
 3786.00       0.00930
 3787.00       0.00929
 3788.00       0.00929
 3789.00       0.00928
 3790.00       0.00927
 3791.00       0.00927
 3792.00       0.00926
 3793.00       0.00926
 3794.00       0.00925
 3795.00       0.00924
 3796.00       0.00924
 3797.00       0.00923
 3798.00       0.00922
 3799.00       0.00922
 3800.00       0.00921
 3801.00       0.00920
 3802.00       0.00920
 3803.00       0.00919
 3804.00       0.00919
 3805.00       0.00918
 3806.00       0.00917
 3807.00       0.00917
 3808.00       0.00916
 3809.00       0.00915
 3810.00       0.00915
 3811.00       0.00914
 3812.00       0.00913
 3813.00       0.00913
 3814.00       0.00912
 3815.00       0.00912
 3816.00       0.00911
 3817.00       0.00910
 3818.00       0.00910
 3819.00       0.00909
 3820.00       0.00908
 3821.00       0.00908
 3822.00       0.00907
 3823.00       0.00907
 3824.00       0.00906
 3825.00       0.00905
 3826.00       0.00905
 3827.00       0.00904
 3828.00       0.00904
 3829.00       0.00903
 3830.00       0.00902
 3831.00       0.00902
 3832.00       0.00901
 3833.00       0.00900
 3834.00       0.00900
 3835.00       0.00899
 3836.00       0.00899
 3837.00       0.00898
 3838.00       0.00897
 3839.00       0.00897
 3840.00       0.00896
 3841.00       0.00896
 3842.00       0.00895
 3843.00       0.00894
 3844.00       0.00894
 3845.00       0.00893
 3846.00       0.00892
 3847.00       0.00892
 3848.00       0.00891
 3849.00       0.00891
 3850.00       0.00890
 3851.00       0.00889
 3852.00       0.00889
 3853.00       0.00888
 3854.00       0.00888
 3855.00       0.00887
 3856.00       0.00886
 3857.00       0.00886
 3858.00       0.00885
 3859.00       0.00885
 3860.00       0.00884
 3861.00       0.00883
 3862.00       0.00883
 3863.00       0.00882
 3864.00       0.00882
 3865.00       0.00881
 3866.00       0.00880
 3867.00       0.00880
 3868.00       0.00879
 3869.00       0.00879
 3870.00       0.00878
 3871.00       0.00878
 3872.00       0.00877
 3873.00       0.00876
 3874.00       0.00876
 3875.00       0.00875
 3876.00       0.00875
 3877.00       0.00874
 3878.00       0.00873
 3879.00       0.00873
 3880.00       0.00872
 3881.00       0.00872
 3882.00       0.00871
 3883.00       0.00870
 3884.00       0.00870
 3885.00       0.00869
 3886.00       0.00869
 3887.00       0.00868
 3888.00       0.00868
 3889.00       0.00867
 3890.00       0.00866
 3891.00       0.00866
 3892.00       0.00865
 3893.00       0.00865
 3894.00       0.00864
 3895.00       0.00864
 3896.00       0.00863
 3897.00       0.00862
 3898.00       0.00862
 3899.00       0.00861
 3900.00       0.00861
 3901.00       0.00860
 3902.00       0.00859
 3903.00       0.00859
 3904.00       0.00858
 3905.00       0.00858
 3906.00       0.00857
 3907.00       0.00857
 3908.00       0.00856
 3909.00       0.00855
 3910.00       0.00855
 3911.00       0.00854
 3912.00       0.00854
 3913.00       0.00853
 3914.00       0.00853
 3915.00       0.00852
 3916.00       0.00852
 3917.00       0.00851
 3918.00       0.00850
 3919.00       0.00850
 3920.00       0.00849
 3921.00       0.00849
 3922.00       0.00848
 3923.00       0.00848
 3924.00       0.00847
 3925.00       0.00846
 3926.00       0.00846
 3927.00       0.00845
 3928.00       0.00845
 3929.00       0.00844
 3930.00       0.00844
 3931.00       0.00843
 3932.00       0.00843
 3933.00       0.00842
 3934.00       0.00841
 3935.00       0.00841
 3936.00       0.00840
 3937.00       0.00840
 3938.00       0.00839
 3939.00       0.00839
 3940.00       0.00838
 3941.00       0.00838
 3942.00       0.00837
 3943.00       0.00836
 3944.00       0.00836
 3945.00       0.00835
 3946.00       0.00835
 3947.00       0.00834
 3948.00       0.00834
 3949.00       0.00833
 3950.00       0.00833
 3951.00       0.00832
 3952.00       0.00832
 3953.00       0.00831
 3954.00       0.00830
 3955.00       0.00830
 3956.00       0.00829
 3957.00       0.00829
 3958.00       0.00828
 3959.00       0.00828
 3960.00       0.00827
 3961.00       0.00827
 3962.00       0.00826
 3963.00       0.00826
 3964.00       0.00825
 3965.00       0.00824
 3966.00       0.00824
 3967.00       0.00823
 3968.00       0.00823
 3969.00       0.00822
 3970.00       0.00822
 3971.00       0.00821
 3972.00       0.00821
 3973.00       0.00820
 3974.00       0.00820
 3975.00       0.00819
 3976.00       0.00819
 3977.00       0.00818
 3978.00       0.00818
 3979.00       0.00817
 3980.00       0.00816
 3981.00       0.00816
 3982.00       0.00815
 3983.00       0.00815
 3984.00       0.00814
 3985.00       0.00814
 3986.00       0.00813
 3987.00       0.00813
 3988.00       0.00812
 3989.00       0.00812
 3990.00       0.00811
 3991.00       0.00811
 3992.00       0.00810
 3993.00       0.00810
 3994.00       0.00809
 3995.00       0.00809
 3996.00       0.00808
 3997.00       0.00808
 3998.00       0.00807
 3999.00       0.00806
 4000.00       0.00806
