# Fix print output for fix thermo_output
6050100 269.910826899607 -36007.1466198398 64811.4756238206 2316.30781472191 67127.7834385425 -81868.7889900782 283734.196428494 69.4037245168035 49.8840728769242 81.9534043707056
6050200 270.459813713221 -36009.5953962217 64796.0635153452 2321.01908348116 67117.0825988263 -81889.6227984352 283734.196428494 69.4037245168035 49.8840728769242 81.9534043707056
6050300 268.56773251666 -36206.7006323561 64844.6125443022 2304.78171163496 67149.3942559371 -82672.9271328339 283734.196428494 69.4037245168035 49.8840728769242 81.9534043707056
6050400 280.803615121884 -35838.5841069726 64818.1737825191 2409.7870232931 67227.9608058122 -81071.1046272577 283734.196428494 69.4037245168035 49.8840728769242 81.9534043707056
6050500 279.519523931455 -36146.5999918971 64828.9526089479 2398.76727097946 67227.7198799273 -82345.9067282295 283734.196428494 69.4037245168035 49.8840728769242 81.9534043707056
6050600 278.777236075921 -35975.8627902526 64801.0328063571 2392.39714059122 67193.4299469483 -81673.6908639103 283734.196428494 69.4037245168035 49.8840728769242 81.9534043707056
6050700 275.174816032614 -35803.2363234008 64817.2262996278 2361.48206469719 67178.7083643249 -80974.0889222919 283734.196428494 69.4037245168035 49.8840728769242 81.9534043707056
6050800 268.294498054213 -36086.31593737 64868.3067381959 2302.43688120379 67170.7436193997 -82153.4292458249 283734.196428494 69.4037245168035 49.8840728769242 81.9534043707056
6050900 268.923439104833 -35830.1185855742 64827.9959599039 2307.83429740707 67135.830257311 -81128.2050833858 283734.196428494 69.4037245168035 49.8840728769242 81.9534043707056
6051000 271.079857134235 -36311.8814890726 64743.7937755965 2326.34014243258 67070.1339180291 -83187.4229338936 283734.196428494 69.4037245168035 49.8840728769242 81.9534043707056
6051100 271.833321735555 -36019.9242763534 64729.2627053485 2332.80618888281 67062.0688942313 -81987.3771220776 283734.196428494 69.4037245168035 49.8840728769242 81.9534043707056
6051200 270.535490516694 -35984.8393523626 64837.639852947 2321.66852305085 67159.3083759978 -81744.9571995016 283734.196428494 69.4037245168035 49.8840728769242 81.9534043707056
6051300 281.999226507274 -36037.7779841057 64784.8030069207 2420.04746385104 67204.8504707717 -81918.4736922373 283734.196428494 69.4037245168035 49.8840728769242 81.9534043707056
6051400 277.803713347756 -35960.3961200051 64810.5243517345 2384.04260984134 67194.5669615759 -81608.5531974651 283734.196428494 69.4037245168035 49.8840728769242 81.9534043707056
6051500 277.49529749281 -35939.4385612656 64754.4418887105 2381.39586142002 67135.8377501305 -81580.5606130509 283734.196428494 69.4037245168035 49.8840728769242 81.9534043707056
6051600 271.220520767469 -35979.0857128296 64766.7373501209 2327.54728286725 67094.2846329882 -81786.1725419609 283734.196428494 69.4037245168035 49.8840728769242 81.9534043707056
6051700 271.828716524493 -35778.5578010987 64759.607289817 2332.76666810295 67092.37395792 -80958.3042889841 283734.196428494 69.4037245168035 49.8840728769242 81.9534043707056
6051800 276.81232114381 -35991.1254482207 64810.8152709251 2375.53472767954 67186.3499986046 -81743.9272669269 283734.196428494 69.4037245168035 49.8840728769242 81.9534043707056
6051900 278.398476683579 -35901.6624428177 64836.2234437191 2389.14672136773 67225.3701650868 -81334.7116693839 283734.196428494 69.4037245168035 49.8840728769242 81.9534043707056
6052000 278.691711642545 -36027.0408373053 64804.0389795872 2391.66319110259 67195.7021706898 -81883.1919771385 283734.196428494 69.4037245168035 49.8840728769242 81.9534043707056
6052100 265.706978566803 -36032.4899375805 64851.0122459991 2280.23143032107 67131.2436763202 -81970.1986970701 283734.196428494 69.4037245168035 49.8840728769242 81.9534043707056
6052200 273.527209099368 -35914.9294429497 64762.4051413355 2347.34271038189 67109.7478517174 -81505.2324607401 283734.196428494 69.4037245168035 49.8840728769242 81.9534043707056
6052300 277.54868264163 -35981.8519114609 64760.5676228938 2381.85399953482 67142.4216224286 -81749.4820056111 283734.196428494 69.4037245168035 49.8840728769242 81.9534043707056
6052400 275.773229087286 -35754.0170465853 64893.4911174921 2366.6174972061 67260.1086146982 -80689.0206717754 283734.196428494 69.4037245168035 49.8840728769242 81.9534043707056
6052500 281.281152201913 -36121.7160531529 64862.512435382 2413.88512814868 67276.3975635307 -82194.2599973825 283734.196428494 69.4037245168035 49.8840728769242 81.9534043707056
6052600 277.154626696717 -35861.3128066703 64829.621770776 2378.47230908866 67208.0940798647 -81185.0220811473 283734.196428494 69.4037245168035 49.8840728769242 81.9534043707056
6052700 267.052148785444 -35821.1655324618 64858.6061423815 2291.77534771542 67150.3814900969 -81076.6063655378 283734.196428494 69.4037245168035 49.8840728769242 81.9534043707056
6052800 271.967417243291 -36016.2271947722 64800.0480430196 2333.95696329248 67134.0050063121 -81900.1425891192 283734.196428494 69.4037245168035 49.8840728769242 81.9534043707056
6052900 269.917535968128 -35901.2139512685 64820.449283604 2316.36539028501 67136.814673889 -81421.4113150104 283734.196428494 69.4037245168035 49.8840728769242 81.9534043707056
6053000 272.881512065037 -35975.7230368061 64830.3690750035 2341.80149847964 67172.1705734831 -81694.3719414965 283734.196428494 69.4037245168035 49.8840728769242 81.9534043707056
6053100 277.358930690665 -35946.6350235192 64854.7584314299 2380.2255953247 67234.9840267546 -81511.1930973133 283734.196428494 69.4037245168035 49.8840728769242 81.9534043707056
6053200 279.302212758099 -35970.9439485474 64843.1370180484 2396.90236035377 67240.0393784022 -81606.7274021268 283734.196428494 69.4037245168035 49.8840728769242 81.9534043707056
6053300 275.760349667726 -36066.2241146035 64783.1102309316 2366.50696921981 67149.6172001514 -82091.4162606194 283734.196428494 69.4037245168035 49.8840728769242 81.9534043707056
6053400 266.392829847702 -35969.6011706472 64835.3197058503 2286.1172360145 67121.4369418648 -81719.7734610156 283734.196428494 69.4037245168035 49.8840728769242 81.9534043707056
6053500 274.647690412948 -35748.6001673331 64785.1138213131 2356.95840328575 67142.0722245989 -80784.6421660107 283734.196428494 69.4037245168035 49.8840728769242 81.9534043707056
6053600 273.890199204624 -35989.2508951563 64829.6054023761 2350.45780149227 67180.0632038684 -81742.4572131581 283734.196428494 69.4037245168035 49.8840728769242 81.9534043707056
6053700 276.926223113013 -36115.4606762728 64866.069117223 2376.51220614681 67242.5813233698 -82202.1916617892 283734.196428494 69.4037245168035 49.8840728769242 81.9534043707056
6053800 284.718065196142 -35941.3960401474 64860.1235398997 2443.37986357111 67303.5034034708 -81420.9949529442 283734.196428494 69.4037245168035 49.8840728769242 81.9534043707056
6053900 276.558207841615 -36125.7603794732 64865.3069701344 2373.35399030617 67238.6609604406 -82248.7319104338 283734.196428494 69.4037245168035 49.8840728769242 81.9534043707056
6054000 271.548910383727 -35989.566044114 64826.6502382754 2330.36544115734 67157.0156794327 -81766.808815226 283734.196428494 69.4037245168035 49.8840728769242 81.9534043707056
6054100 272.429368048578 -35913.3718048811 64782.8114509196 2337.92131060153 67120.7327615212 -81487.8020878799 283734.196428494 69.4037245168035 49.8840728769242 81.9534043707056
6054200 270.699424822178 -36087.6987184442 64795.083446942 2323.07536662676 67118.1588135687 -82211.7359613268 283734.196428494 69.4037245168035 49.8840728769242 81.9534043707056
6054300 276.44490672864 -35849.470669271 64801.7316733593 2372.38166823811 67174.1133415974 -81170.0003838327 283734.196428494 69.4037245168035 49.8840728769242 81.9534043707056
6054400 276.099195900262 -35902.873629075 64857.366098561 2369.41486359895 67226.78096216 -81338.3127273964 283734.196428494 69.4037245168035 49.8840728769242 81.9534043707056
6054500 274.499745309412 -35984.3267344091 64844.9927556479 2355.68877507778 67200.6815307256 -81701.4628459231 283734.196428494 69.4037245168035 49.8840728769242 81.9534043707056
6054600 270.129267013186 -36063.0378897929 64820.7167196708 2318.18241363276 67138.8991333035 -82088.9498177149 283734.196428494 69.4037245168035 49.8840728769242 81.9534043707056
6054700 267.852623565011 -35999.7078981458 64776.0499434599 2298.64482386313 67074.694767323 -81891.096437577 283734.196428494 69.4037245168035 49.8840728769242 81.9534043707056
6054800 261.289042294013 -36037.5433480506 64727.6857660302 2242.3177962844 66970.0035623146 -82152.3496832166 283734.196428494 69.4037245168035 49.8840728769242 81.9534043707056
6054900 270.971081674738 -35988.6956102826 64702.8284848651 2325.40665840093 67028.235143266 -81891.9875203792 283734.196428494 69.4037245168035 49.8840728769242 81.9534043707056
6055000 267.154740592046 -35947.6614427548 64813.6869720564 2292.65576517065 67106.3427372271 -81644.0816811235 283734.196428494 69.4037245168035 49.8840728769242 81.9534043707056
6055100 272.610874622584 -36096.615313919 64831.6815878729 2339.47895503033 67171.1605429032 -82195.6308563625 283734.196428494 69.4037245168035 49.8840728769242 81.9534043707056
6055200 273.337633072199 -35809.1376864233 64859.4521831475 2345.71581590618 67205.1679990537 -80972.0489638095 283734.196428494 69.4037245168035 49.8840728769242 81.9534043707056
6055300 271.264049208665 -35988.1955292134 64878.6828498311 2327.92083316038 67206.6036829915 -81711.5496590816 283734.196428494 69.4037245168035 49.8840728769242 81.9534043707056
6055400 268.301163762272 -36019.6850119371 64831.3705967247 2302.49408465815 67133.8646813828 -81914.5912654178 283734.196428494 69.4037245168035 49.8840728769242 81.9534043707056
6055500 269.439911831399 -35838.5948584111 64770.138686715 2312.26653833041 67082.4052250454 -81216.7046971783 283734.196428494 69.4037245168035 49.8840728769242 81.9534043707056
6055600 270.28752442784 -36047.2981242198 64791.6567310068 2319.54053953868 67111.1972705455 -82051.5209677845 283734.196428494 69.4037245168035 49.8840728769242 81.9534043707056
6055700 272.616853406835 -35997.5221056811 64817.6467264596 2339.53026347484 67157.1769899344 -81799.5694664684 283734.196428494 69.4037245168035 49.8840728769242 81.9534043707056
6055800 270.541580293862 -35873.5281887302 64853.4963587609 2321.72078400905 67175.2171427699 -81268.4459298605 283734.196428494 69.4037245168035 49.8840728769242 81.9534043707056
6055900 269.318270469738 -35988.5679139226 64858.3179863049 2311.2226423154 67169.5406286203 -81750.1536310347 283734.196428494 69.4037245168035 49.8840728769242 81.9534043707056
6056000 271.818887079488 -35911.1834112413 64824.3830397811 2332.68231424231 67157.0653540234 -81442.4139832902 283734.196428494 69.4037245168035 49.8840728769242 81.9534043707056
6056100 271.619619478441 -36061.2193649059 64792.0122582475 2330.9722490818 67122.9845073293 -82097.3394382254 283734.196428494 69.4037245168035 49.8840728769242 81.9534043707056
6056200 267.12064336903 -35994.1132303268 64800.4739341902 2292.36315125427 67092.8370854445 -81849.8035394412 283734.196428494 69.4037245168035 49.8840728769242 81.9534043707056
6056300 269.404944209465 -36218.1793119492 64811.9749157744 2311.96645486626 67123.9413706406 -82745.8784754072 283734.196428494 69.4037245168035 49.8840728769242 81.9534043707056
6056400 271.926884102984 -35853.7541182084 64866.6023461628 2333.60911792916 67200.211464092 -81161.6270540461 283734.196428494 69.4037245168035 49.8840728769242 81.9534043707056
6056500 281.634105872084 -36011.7298076557 64794.1951047699 2416.91408906086 67211.1091938308 -81804.4283386507 283734.196428494 69.4037245168035 49.8840728769242 81.9534043707056
6056600 274.307918792277 -36008.6468835912 64839.3865414855 2354.04256745501 67193.4291089405 -81809.3513694061 283734.196428494 69.4037245168035 49.8840728769242 81.9534043707056
6056700 270.250638901367 -35845.670492331 64777.9092268163 2319.22399709316 67097.1332239094 -81231.2554749126 283734.196428494 69.4037245168035 49.8840728769242 81.9534043707056
6056800 269.883431087245 -35983.0149055126 64761.5835809409 2316.07271065071 67077.6562915916 -81819.0597735259 283734.196428494 69.4037245168035 49.8840728769242 81.9534043707056
6056900 275.040122720059 -35891.4114459789 64765.0232556155 2360.32616007474 67125.3494156902 -81392.3140786357 283734.196428494 69.4037245168035 49.8840728769242 81.9534043707056
6057000 274.830378450793 -35918.6726617492 64819.8473428243 2358.52618674438 67178.3735295687 -81452.0961182937 283734.196428494 69.4037245168035 49.8840728769242 81.9534043707056
6057100 278.964837126751 -35949.6351256464 64804.985488148 2394.00708630951 67198.9925744576 -81559.5988888694 283734.196428494 69.4037245168035 49.8840728769242 81.9534043707056
6057200 274.340567842676 -36183.2222354129 64820.8337393034 2354.32275351294 67175.1564928164 -82550.011941637 283734.196428494 69.4037245168035 49.8840728769242 81.9534043707056
6057300 263.889942555333 -35914.5154077681 64821.3045931345 2264.63807765217 67085.9426707867 -81527.3243755911 283734.196428494 69.4037245168035 49.8840728769242 81.9534043707056
6057400 267.33436052136 -36222.6952457292 64769.2091723351 2294.19721888234 67063.4063912174 -82825.1002633584 283734.196428494 69.4037245168035 49.8840728769242 81.9534043707056
6057500 269.037210681878 -36065.5070086645 64811.6480321397 2308.81065688116 67120.4586890209 -82117.6074072956 283734.196428494 69.4037245168035 49.8840728769242 81.9534043707056
6057600 271.661223124642 -36004.7500256986 64846.7166114815 2331.32928126136 67178.0458927428 -81808.6094958993 283734.196428494 69.4037245168035 49.8840728769242 81.9534043707056
6057700 274.589286923971 -36029.5626778626 64824.0644908886 2356.45719901959 67180.5216899082 -81908.8077640895 283734.196428494 69.4037245168035 49.8840728769242 81.9534043707056
6057800 269.196381267969 -35937.1036061864 64837.6616032855 2310.17661939801 67147.8382226836 -81558.8981612457 283734.196428494 69.4037245168035 49.8840728769242 81.9534043707056
6057900 267.016488500292 -35689.549040096 64821.3157396541 2291.46931998722 67112.7850596413 -80569.5774069112 283734.196428494 69.4037245168035 49.8840728769242 81.9534043707056
6058000 276.030226214681 -35990.6945320497 64741.8752473889 2368.82298285254 67110.6982302415 -81817.7959161456 283734.196428494 69.4037245168035 49.8840728769242 81.9534043707056
6058100 271.554827562735 -35914.0082704742 64846.7282613852 2330.41622092092 67177.1444823061 -81434.024044038 283734.196428494 69.4037245168035 49.8840728769242 81.9534043707056
6058200 276.817563395699 -36003.9086487448 64852.8694310148 2375.57971538588 67228.4491464007 -81754.7246477802 283734.196428494 69.4037245168035 49.8840728769242 81.9534043707056
6058300 275.640712858093 -36005.5888542988 64833.8611422972 2365.48027577344 67199.3414180707 -81790.7850200163 283734.196428494 69.4037245168035 49.8840728769242 81.9534043707056
6058400 270.837645042688 -36083.5833479092 64800.6431327105 2324.26153829908 67124.9046710095 -82187.9608149381 283734.196428494 69.4037245168035 49.8840728769242 81.9534043707056
6058500 264.004919027828 -36123.1507577743 64854.545134356 2265.62477724036 67120.1699115964 -82356.4244171841 283734.196428494 69.4037245168035 49.8840728769242 81.9534043707056
6058600 277.91884634541 -35850.5053857751 64762.0798208288 2385.03065268965 67147.1104735184 -81201.2848800609 283734.196428494 69.4037245168035 49.8840728769242 81.9534043707056
6058700 275.730622996133 -35998.5415001985 64805.0607181028 2366.25186229242 67171.3125803952 -81789.6521022015 283734.196428494 69.4037245168035 49.8840728769242 81.9534043707056
6058800 279.075038361656 -36033.4956723792 64798.1831311879 2394.95280599232 67193.1359371802 -81912.4681388675 283734.196428494 69.4037245168035 49.8840728769242 81.9534043707056
6058900 276.832986588108 -35972.2631773151 64825.6677881606 2375.71207340024 67201.3798615609 -81650.8458509604 283734.196428494 69.4037245168035 49.8840728769242 81.9534043707056
6059000 271.599125178374 -35959.6405729476 64839.8114656244 2330.79637207846 67170.6078377029 -81629.3858886036 283734.196428494 69.4037245168035 49.8840728769242 81.9534043707056
6059100 272.997550505066 -36089.3956079773 64782.2841143161 2342.79731160997 67125.0814259261 -82211.8350307179 283734.196428494 69.4037245168035 49.8840728769242 81.9534043707056
6059200 264.990623246561 -36082.8334141455 64828.5654042937 2274.08384652292 67102.6492508166 -82207.1130300499 283734.196428494 69.4037245168035 49.8840728769242 81.9534043707056
6059300 270.790342416317 -35968.5346543112 64836.8869733192 2323.85559888428 67160.7425722035 -81676.0546157065 283734.196428494 69.4037245168035 49.8840728769242 81.9534043707056
6059400 276.43635885385 -36036.9093862368 64857.7931039778 2372.3083124954 67230.1014164731 -81889.6285126838 283734.196428494 69.4037245168035 49.8840728769242 81.9534043707056
6059500 273.659225586892 -35990.1231065581 64872.2577470491 2348.47564315542 67220.7333902045 -81705.3962133723 283734.196428494 69.4037245168035 49.8840728769242 81.9534043707056
6059600 268.266710013658 -35846.8042031117 64874.6861723078 2302.19841112746 67176.8845834352 -81156.1953791025 283734.196428494 69.4037245168035 49.8840728769242 81.9534043707056
6059700 273.893432466458 -36203.3284560375 64805.2517287352 2350.48554854392 67155.7372772791 -82652.6301395649 283734.196428494 69.4037245168035 49.8840728769242 81.9534043707056
6059800 272.818663781135 -36083.3558822502 64806.7644365831 2341.26215008514 67148.0265866683 -82163.8976527015 283734.196428494 69.4037245168035 49.8840728769242 81.9534043707056
6059900 271.19579342419 -35906.3819473227 64822.7891431475 2327.33507893631 67150.1242220838 -81429.48679092 283734.196428494 69.4037245168035 49.8840728769242 81.9534043707056
6060000 271.663774656021 -35891.2491793936 64881.5376754528 2331.35117787122 67212.8888533241 -81304.1031863797 283734.196428494 69.4037245168035 49.8840728769242 81.9534043707056
6060100 283.16662837318 -36001.2907591743 64859.648054324 2430.06581730496 67289.713871629 -81682.6271682348 283734.196428494 69.4037245168035 49.8840728769242 81.9534043707056
6060200 274.308804840881 -36114.7942561168 64887.5443932007 2354.0501713045 67241.5945645052 -82200.4207925615 283734.196428494 69.4037245168035 49.8840728769242 81.9534043707056
6060300 271.767228001551 -35910.8344213129 64842.7989492375 2332.23898883999 67175.0379380775 -81422.997288607 283734.196428494 69.4037245168035 49.8840728769242 81.9534043707056
6060400 270.027142181294 -36066.8406914479 64823.7959007981 2317.30600363874 67141.1019044368 -82102.4829341876 283734.196428494 69.4037245168035 49.8840728769242 81.9534043707056
6060500 268.966796907503 -35969.9376417846 64848.1889642 2308.20638332266 67156.3953475227 -81686.2073635769 283734.196428494 69.4037245168035 49.8840728769242 81.9534043707056
6060600 272.032487848475 -36033.0494410557 64852.8619298054 2334.51538309738 67187.3773129028 -81916.3802703251 283734.196428494 69.4037245168035 49.8840728769242 81.9534043707056
6060700 270.805407891654 -36093.3174115623 64924.67788802 2323.98488705941 67248.6627750794 -82104.4819958507 283734.196428494 69.4037245168035 49.8840728769242 81.9534043707056
6060800 276.738797400058 -35924.0549208775 64905.6929328133 2374.90376513471 67280.596697948 -81372.1445886676 283734.196428494 69.4037245168035 49.8840728769242 81.9534043707056
6060900 278.081660749966 -35963.1413363444 64802.8470019243 2386.42788555338 67189.2748874777 -81625.2049005131 283734.196428494 69.4037245168035 49.8840728769242 81.9534043707056
6061000 270.714305764529 -35975.0188966687 64823.9656382053 2323.20307118554 67147.1687093908 -81716.4600932614 283734.196428494 69.4037245168035 49.8840728769242 81.9534043707056
6061100 273.445405483196 -35956.1802134056 64788.6385522397 2346.64069202424 67135.2792442639 -81650.3956103871 283734.196428494 69.4037245168035 49.8840728769242 81.9534043707056
6061200 275.114581995817 -36061.4160019828 64796.4893331832 2360.96515112337 67157.4544843066 -82063.68314001 283734.196428494 69.4037245168035 49.8840728769242 81.9534043707056
6061300 273.856662474538 -35948.1693470165 64873.8619487225 2350.16999758729 67224.0319463098 -81528.4941657663 283734.196428494 69.4037245168035 49.8840728769242 81.9534043707056
6061400 272.875566451526 -36033.4478266782 64929.8928448861 2341.7504746982 67271.6433195843 -81833.7627722822 283734.196428494 69.4037245168035 49.8840728769242 81.9534043707056
6061500 278.459535063255 -35988.2980270892 64821.7441655261 2389.67070924782 67211.4148747739 -81707.1626006619 283734.196428494 69.4037245168035 49.8840728769242 81.9534043707056
6061600 272.24223571428 -36034.7901937901 64789.1062826093 2336.31538729234 67125.4216699016 -81985.5390997825 283734.196428494 69.4037245168035 49.8840728769242 81.9534043707056
6061700 267.838180717921 -35750.787602878 64830.4454634893 2298.5208789293 67128.9663424186 -80806.7995957085 283734.196428494 69.4037245168035 49.8840728769242 81.9534043707056
6061800 279.743486092239 -36274.5111245167 64770.7197887401 2400.68925873068 67171.4090474708 -82931.5102740745 283734.196428494 69.4037245168035 49.8840728769242 81.9534043707056
6061900 277.191054205461 -35875.9305202626 64830.9098842691 2378.78492093956 67209.6948052087 -81243.9090485659 283734.196428494 69.4037245168035 49.8840728769242 81.9534043707056
6062000 276.553044527116 -36002.5069845949 64829.5769444582 2373.30968002094 67202.8866244791 -81774.4871223879 283734.196428494 69.4037245168035 49.8840728769242 81.9534043707056
6062100 266.809503881895 -35760.0808889749 64833.4839783501 2289.69302929659 67123.1770076467 -80851.0442901807 283734.196428494 69.4037245168035 49.8840728769242 81.9534043707056
6062200 267.273283704595 -35982.278186609 64783.8332614359 2293.67307277973 67077.5063342156 -81816.1612085452 283734.196428494 69.4037245168035 49.8840728769242 81.9534043707056
6062300 269.430704093065 -35984.7374362973 64802.1691661109 2312.18751980231 67114.3566859132 -81789.4871637395 283734.196428494 69.4037245168035 49.8840728769242 81.9534043707056
6062400 274.31510499367 -35934.5803994371 64828.5471805061 2354.10423765415 67182.6514181603 -81513.6440063353 283734.196428494 69.4037245168035 49.8840728769242 81.9534043707056
6062500 273.441709734303 -35904.849391671 64842.1597539194 2346.60897602329 67188.7687299427 -81384.5006103489 283734.196428494 69.4037245168035 49.8840728769242 81.9534043707056
6062600 273.200627161468 -35879.4753355952 64821.6285016432 2344.5400651394 67166.1685667826 -81302.1036343627 283734.196428494 69.4037245168035 49.8840728769242 81.9534043707056
6062700 271.695567411387 -36250.1852402461 64795.2707707566 2331.62401541742 67126.8947861741 -82875.3647020364 283734.196428494 69.4037245168035 49.8840728769242 81.9534043707056
6062800 264.403994556972 -35887.0538744587 64796.2628698131 2269.04954451419 67065.3124143273 -81434.3195701021 283734.196428494 69.4037245168035 49.8840728769242 81.9534043707056
6062900 270.601242439009 -35704.4225519086 64712.62156772 2322.23278975049 67034.8543574705 -80709.054287774 283734.196428494 69.4037245168035 49.8840728769242 81.9534043707056
6063000 268.178846353684 -35857.6062691527 64811.2475642136 2301.44438697598 67112.6919511896 -81265.0866605427 283734.196428494 69.4037245168035 49.8840728769242 81.9534043707056
6063100 278.488421404656 -35959.3701697475 64786.8912043741 2389.91860466977 67176.8098090438 -81622.0649963325 283734.196428494 69.4037245168035 49.8840728769242 81.9534043707056
6063200 276.461061324046 -36055.5792087629 64824.5641097098 2372.52030297171 67197.0844126815 -81999.900723438 283734.196428494 69.4037245168035 49.8840728769242 81.9534043707056
6063300 275.944817182873 -36008.1159587278 64815.2925320863 2368.09002371156 67183.3825557979 -81817.2009702131 283734.196428494 69.4037245168035 49.8840728769242 81.9534043707056
6063400 271.467070497475 -35978.3533959429 64786.3386271506 2329.66311153886 67116.0017386894 -81761.4251293262 283734.196428494 69.4037245168035 49.8840728769242 81.9534043707056
6063500 265.464045352702 -35939.0698607161 64796.7302669187 2278.14663769255 67074.8769046112 -81639.9957859391 283734.196428494 69.4037245168035 49.8840728769242 81.9534043707056
6063600 269.388205423031 -36062.9740580466 64815.2774308889 2311.82280675006 67127.100237639 -82100.4845793863 283734.196428494 69.4037245168035 49.8840728769242 81.9534043707056
6063700 273.650755976782 -35788.5068896571 64823.3474800169 2348.40295906078 67171.7504390776 -80920.0968598939 283734.196428494 69.4037245168035 49.8840728769242 81.9534043707056
6063800 277.585198128793 -36199.7608550309 64789.1338925683 2382.16736639471 67171.301258963 -82622.3035240246 283734.196428494 69.4037245168035 49.8840728769242 81.9534043707056
6063900 273.783391401637 -35834.0308847981 64813.4879884375 2349.54120340107 67163.0291918385 -81117.1951343624 283734.196428494 69.4037245168035 49.8840728769242 81.9534043707056
6064000 269.030166468978 -35922.4817514264 64831.8643913214 2308.75020519207 67140.6145965134 -81505.6169586164 283734.196428494 69.4037245168035 49.8840728769242 81.9534043707056
6064100 274.922613484568 -36011.0633220477 64753.2917351126 2359.31772494231 67112.6094600549 -81900.1701734957 283734.196428494 69.4037245168035 49.8840728769242 81.9534043707056
6064200 264.45821610756 -35821.2310653106 64823.9198262252 2269.51486042166 67093.4346866469 -81133.824342096 283734.196428494 69.4037245168035 49.8840728769242 81.9534043707056
6064300 274.633848842162 -36108.386752618 64801.0709158002 2356.83961835613 67157.9105341564 -82257.5907514337 283734.196428494 69.4037245168035 49.8840728769242 81.9534043707056
6064400 276.244532357778 -35893.3958223346 64837.9863886051 2370.66210505338 67208.6484936585 -81317.2262949012 283734.196428494 69.4037245168035 49.8840728769242 81.9534043707056
6064500 274.373142029021 -36037.5180909544 64856.2470316033 2354.60229710611 67210.8493287094 -81911.3994036594 283734.196428494 69.4037245168035 49.8840728769242 81.9534043707056
6064600 271.328221111553 -36035.2930325517 64835.5344522551 2328.47154052493 67164.00599278 -81949.0355097309 283734.196428494 69.4037245168035 49.8840728769242 81.9534043707056
6064700 264.858564667772 -36065.4374841635 64797.9883942417 2272.95055253258 67070.9389467743 -82166.8394590886 283734.196428494 69.4037245168035 49.8840728769242 81.9534043707056
6064800 267.60662991975 -35955.409649049 64794.347597974 2296.53376737298 67090.881365347 -81691.6049154028 283734.196428494 69.4037245168035 49.8840728769242 81.9534043707056
6064900 280.543456063489 -36037.3820975559 64744.0820858359 2407.55440273855 67151.6364885745 -81970.0495068891 283734.196428494 69.4037245168035 49.8840728769242 81.9534043707056
6065000 275.026450201206 -35847.0481715052 64824.205784396 2360.2088259069 67184.4146103029 -81149.6748866698 283734.196428494 69.4037245168035 49.8840728769242 81.9534043707056
6065100 272.883486001894 -35964.1881166386 64843.9687427622 2341.81843831647 67185.7871810786 -81633.0241546898 283734.196428494 69.4037245168035 49.8840728769242 81.9534043707056
6065200 274.501813256488 -36133.1228320847 64799.1622184227 2355.70652168701 67154.8687401097 -82362.9897551412 283734.196428494 69.4037245168035 49.8840728769242 81.9534043707056
6065300 268.77690682159 -36009.0031142866 64753.6083739642 2306.57679367266 67060.1851676369 -81944.0693834309 283734.196428494 69.4037245168035 49.8840728769242 81.9534043707056
6065400 268.392014611862 -36067.7854354787 64769.8671718875 2303.27374413049 67073.140916018 -82174.3532471606 283734.196428494 69.4037245168035 49.8840728769242 81.9534043707056
6065500 277.095591126626 -35705.1629783649 64760.3778776502 2377.96568045906 67138.3435581093 -80608.6289512422 283734.196428494 69.4037245168035 49.8840728769242 81.9534043707056
6065600 271.961036668712 -35933.5805430245 64833.2845556328 2333.90220678297 67167.1867624158 -81524.9712840208 283734.196428494 69.4037245168035 49.8840728769242 81.9534043707056
6065700 280.295620540601 -35836.5036193563 64770.4308157333 2405.42753971114 67175.8583554445 -81114.5980776653 283734.196428494 69.4037245168035 49.8840728769242 81.9534043707056
6065800 270.689328725199 -35989.0648755731 64836.2912670026 2322.98872442497 67159.2799914276 -81762.4706817315 283734.196428494 69.4037245168035 49.8840728769242 81.9534043707056
6065900 270.012066846241 -36021.710626447 64783.569870296 2317.17663084998 67100.746501146 -81956.0913822248 283734.196428494 69.4037245168035 49.8840728769242 81.9534043707056
6066000 268.827779241186 -35901.4636365307 64757.6291340381 2307.01336816809 67064.6425022062 -81494.6166773719 283734.196428494 69.4037245168035 49.8840728769242 81.9534043707056
6066100 273.517216721984 -35975.2384109203 64763.5524535157 2347.25695827595 67110.8094117916 -81753.7277347355 283734.196428494 69.4037245168035 49.8840728769242 81.9534043707056
6066200 271.820116329745 -35889.6872422616 64859.5793139203 2332.69286336333 67192.2721772836 -81318.2566099589 283734.196428494 69.4037245168035 49.8840728769242 81.9534043707056
6066300 275.172726486269 -36089.4495817372 64837.7845987686 2361.46413272838 67199.248731497 -82137.8910670659 283734.196428494 69.4037245168035 49.8840728769242 81.9534043707056
6066400 271.531912977428 -35899.0129031789 64830.4904953293 2330.21957362957 67160.7100689588 -81388.4080440909 283734.196428494 69.4037245168035 49.8840728769242 81.9534043707056
6066500 271.737196053621 -36116.0279307436 64786.4666064026 2331.98126210675 67118.4478685094 -82328.6723998913 283734.196428494 69.4037245168035 49.8840728769242 81.9534043707056
6066600 271.099187758986 -36075.451751324 64804.0211280192 2326.50603306279 67130.527161082 -82148.6900040929 283734.196428494 69.4037245168035 49.8840728769242 81.9534043707056
6066700 276.303535304314 -36079.0825795975 64865.8091708587 2371.16845371572 67236.9776245744 -82057.2638071312 283734.196428494 69.4037245168035 49.8840728769242 81.9534043707056
6066800 278.835367993981 -35899.8952402125 64857.4500977768 2392.89601430308 67250.3461120799 -81302.4230871034 283734.196428494 69.4037245168035 49.8840728769242 81.9534043707056
6066900 277.173979598673 -36038.9933941633 64802.3562479163 2378.63839089632 67180.9946388127 -81947.3588572501 283734.196428494 69.4037245168035 49.8840728769242 81.9534043707056
6067000 269.689843443554 -35984.2365623074 64821.5604074577 2314.41138947636 67135.9717969341 -81765.7994500628 283734.196428494 69.4037245168035 49.8840728769242 81.9534043707056
6067100 274.622304511702 -35981.1014561749 64782.1338435858 2356.74054777357 67138.8743913593 -81749.9238735549 283734.196428494 69.4037245168035 49.8840728769242 81.9534043707056
6067200 275.724791927651 -36214.3203670883 64796.7995426783 2366.20182150804 67163.0013641863 -82690.8502752288 283734.196428494 69.4037245168035 49.8840728769242 81.9534043707056
6067300 276.884174091117 -35844.3353340393 64879.8677336389 2376.15135186342 67256.0190855023 -81066.8447653993 283734.196428494 69.4037245168035 49.8840728769242 81.9534043707056
6067400 280.066109113193 -35996.2064613518 64868.0778844556 2403.45792952922 67271.5358139848 -81679.766542732 283734.196428494 69.4037245168035 49.8840728769242 81.9534043707056
6067500 270.094866574831 -35928.0671761105 64893.4176651601 2317.8871975975 67211.3048627576 -81458.039024551 283734.196428494 69.4037245168035 49.8840728769242 81.9534043707056
6067600 278.060829973908 -35892.8153904655 64784.9299927836 2386.24912099649 67171.1791137801 -81352.2938638297 283734.196428494 69.4037245168035 49.8840728769242 81.9534043707056
6067700 270.138359406112 -36068.8013740801 64825.1289290736 2318.26044229515 67143.3893713687 -82108.3087175197 283734.196428494 69.4037245168035 49.8840728769242 81.9534043707056
6067800 271.398090445132 -35933.610459818 64818.3090502615 2329.07114182746 67147.3801920889 -81544.9016492079 283734.196428494 69.4037245168035 49.8840728769242 81.9534043707056
6067900 277.799290246053 -35927.6002770203 64800.3197762635 2384.00465187886 67184.3244281424 -81483.0874437016 283734.196428494 69.4037245168035 49.8840728769242 81.9534043707056
6068000 278.188208842431 -35914.2020413357 64870.8436502225 2387.34225487326 67258.1859050957 -81353.7844396905 283734.196428494 69.4037245168035 49.8840728769242 81.9534043707056
6068100 280.504735463153 -36157.535309042 64849.6177212435 2407.22211214399 67256.8398333875 -82362.0368133303 283734.196428494 69.4037245168035 49.8840728769242 81.9534043707056
6068200 269.899877878005 -35977.8645417309 64846.8867954495 2316.21385293241 67163.1006483819 -81712.3033544851 283734.196428494 69.4037245168035 49.8840728769242 81.9534043707056
6068300 273.406569751976 -36172.0774806696 64794.7725911135 2346.30741340497 67141.0800045185 -82537.9717444103 283734.196428494 69.4037245168035 49.8840728769242 81.9534043707056
6068400 271.306549331273 -35780.0704709396 64818.7171391979 2328.28555867827 67147.0026978762 -80909.9349348073 283734.196428494 69.4037245168035 49.8840728769242 81.9534043707056
6068500 268.002657870164 -36193.1336691472 64881.5295060574 2299.93238108155 67181.461887139 -82584.7197847659 283734.196428494 69.4037245168035 49.8840728769242 81.9534043707056
6068600 281.717341172524 -35742.2223369578 64834.2831678435 2417.62839377803 67251.9115616215 -80648.4115440725 283734.196428494 69.4037245168035 49.8840728769242 81.9534043707056
6068700 272.950140940451 -36042.0403176217 64919.8773906516 2342.39045447766 67262.2678451293 -81878.6937355604 283734.196428494 69.4037245168035 49.8840728769242 81.9534043707056
6068800 274.192223500506 -35855.0144950098 64807.2082943883 2353.04969913796 67160.2579935263 -81206.7959288028 283734.196428494 69.4037245168035 49.8840728769242 81.9534043707056
6068900 273.350160985859 -35801.4816726004 64802.2078969294 2345.82332735597 67148.0312242854 -80997.5053660636 283734.196428494 69.4037245168035 49.8840728769242 81.9534043707056
6069000 268.503077050445 -36039.3000528344 64847.1756677216 2304.2268544498 67151.4025221714 -81978.2199189537 283734.196428494 69.4037245168035 49.8840728769242 81.9534043707056
6069100 274.01638405109 -35822.6686752408 64825.4423173292 2351.54068856771 67176.9830058969 -81056.2248127999 283734.196428494 69.4037245168035 49.8840728769242 81.9534043707056
6069200 281.807148457356 -36055.4427619058 64809.6596710736 2418.39909763628 67228.0587687099 -81968.3617541056 283734.196428494 69.4037245168035 49.8840728769242 81.9534043707056
6069300 278.190081616955 -35733.7947976428 64855.1194288818 2387.35832656002 67242.4777554419 -80622.972426685 283734.196428494 69.4037245168035 49.8840728769242 81.9534043707056
6069400 269.990379943222 -36413.6848134584 64842.0122183444 2316.99051922372 67159.0027375682 -83519.8134425503 283734.196428494 69.4037245168035 49.8840728769242 81.9534043707056
6069500 262.614558364474 -35769.1665344881 64856.6845834731 2253.69304665066 67110.3776301238 -80901.4398164362 283734.196428494 69.4037245168035 49.8840728769242 81.9534043707056
6069600 273.716512122894 -36041.8881488295 64786.4201236397 2348.967262008 67135.3873856477 -82004.9445248073 283734.196428494 69.4037245168035 49.8840728769242 81.9534043707056
6069700 278.286431092994 -35973.6729346402 64802.5690136061 2388.18517388163 67190.7541874877 -81667.3050616814 283734.196428494 69.4037245168035 49.8840728769242 81.9534043707056
6069800 278.808771352484 -35958.1434395385 64837.6726004805 2392.66776851816 67230.3403689986 -81563.4582608515 283734.196428494 69.4037245168035 49.8840728769242 81.9534043707056
6069900 284.494253990002 -35899.1536545589 64850.7111019403 2441.45917127521 67292.1702732155 -81257.5302651347 283734.196428494 69.4037245168035 49.8840728769242 81.9534043707056
6070000 281.866614721055 -35938.7409592214 64899.625228102 2418.90942237168 67318.5346504737 -81394.9770548284 283734.196428494 69.4037245168035 49.8840728769242 81.9534043707056
6070100 279.7133048643 -35816.4991860807 64816.1045778987 2400.43025091341 67216.5348288121 -80991.1438151295 283734.196428494 69.4037245168035 49.8840728769242 81.9534043707056
6070200 273.386341069312 -35989.0365412416 64815.119990153 2346.13381586435 67161.2538060173 -81760.3796204648 283734.196428494 69.4037245168035 49.8840728769242 81.9534043707056
6070300 269.682559537076 -36047.8668333129 64817.5586356753 2314.3488807964 67131.9075164717 -82033.1640242866 283734.196428494 69.4037245168035 49.8840728769242 81.9534043707056
6070400 274.643787940289 -35996.4945877433 64784.9488133257 2356.92491323269 67141.8737265584 -81810.6208891621 283734.196428494 69.4037245168035 49.8840728769242 81.9534043707056
6070500 274.626084064189 -36093.5068377879 64851.8083897126 2356.77298295618 67208.5813726687 -82145.3472387207 283734.196428494 69.4037245168035 49.8840728769242 81.9534043707056
6070600 275.74026841954 -35877.7610762853 64888.1962092955 2366.33463692533 67254.5308462208 -81206.6477975225 283734.196428494 69.4037245168035 49.8840728769242 81.9534043707056
6070700 276.707908243889 -35971.6218364464 64843.5818763019 2374.63868205283 67218.2205583548 -81631.3513034684 283734.196428494 69.4037245168035 49.8840728769242 81.9534043707056
6070800 266.76079775722 -36094.841782286 64819.43406379 2289.27504540722 67108.7091091972 -82250.7434654405 283734.196428494 69.4037245168035 49.8840728769242 81.9534043707056
6070900 273.697712895197 -36127.232359903 64761.9288729064 2348.80593169559 67110.7348046019 -82382.7490803995 283734.196428494 69.4037245168035 49.8840728769242 81.9534043707056
6071000 274.088008664572 -35906.1799600863 64813.0251472532 2352.15535324729 67165.1805005005 -81413.5946949301 283734.196428494 69.4037245168035 49.8840728769242 81.9534043707056
6071100 277.594977283399 -36031.0415656321 64833.0591460462 2382.25128867562 67215.3104347218 -81880.1386157823 283734.196428494 69.4037245168035 49.8840728769242 81.9534043707056
6071200 277.329255280333 -35970.9508144885 64830.9485987771 2379.97092830877 67210.9195270859 -81635.8756645164 283734.196428494 69.4037245168035 49.8840728769242 81.9534043707056
6071300 273.120113861569 -35881.8590803552 64788.7299352267 2343.84911995619 67132.5790551829 -81345.5570155583 283734.196428494 69.4037245168035 49.8840728769242 81.9534043707056
6071400 270.07324348722 -35830.3059851023 64756.6878581918 2317.70163361925 67074.389491811 -81190.4213029272 283734.196428494 69.4037245168035 49.8840728769242 81.9534043707056
6071500 270.677672306913 -35905.7346176707 64781.1394793551 2322.88869193247 67104.0281712876 -81472.904209599 283734.196428494 69.4037245168035 49.8840728769242 81.9534043707056
6071600 272.241506154209 -35922.115463756 64825.5872156114 2336.30912638865 67161.8963420001 -81482.8195249249 283734.196428494 69.4037245168035 49.8840728769242 81.9534043707056
6071700 275.548883131665 -35804.6003695811 64825.8686296818 2364.6922158227 67190.5608455045 -80967.880826313 283734.196428494 69.4037245168035 49.8840728769242 81.9534043707056
6071800 274.48701161335 -35919.7865347225 64826.2112028443 2355.57949765443 67181.7907004988 -81453.2881227836 283734.196428494 69.4037245168035 49.8840728769242 81.9534043707056
6071900 269.76320259068 -35804.159312104 64830.7317736107 2315.04093949375 67145.7727131045 -81010.8438751253 283734.196428494 69.4037245168035 49.8840728769242 81.9534043707056
6072000 264.445501455985 -36125.323237453 64778.4873641672 2269.40574643338 67047.8931106005 -82437.6908787384 283734.196428494 69.4037245168035 49.8840728769242 81.9534043707056
6072100 263.38892847055 -35813.6151802443 64776.2363566753 2260.33849896095 67036.5748556362 -81159.1698522727 283734.196428494 69.4037245168035 49.8840728769242 81.9534043707056
6072200 274.899298034007 -35928.6221574545 64749.4043318046 2359.1176375247 67108.5219693292 -81563.1184153633 283734.196428494 69.4037245168035 49.8840728769242 81.9534043707056
6072300 273.770613960178 -36021.1907293793 64806.5077350087 2349.43155056556 67155.9392855742 -81898.7472781734 283734.196428494 69.4037245168035 49.8840728769242 81.9534043707056
6072400 279.417848649399 -35976.5532173125 64790.3316621433 2397.8947189107 67188.226381054 -81681.7513977986 283734.196428494 69.4037245168035 49.8840728769242 81.9534043707056
6072500 281.157856300758 -35847.1112374383 64765.7187781874 2412.82703328584 67178.5458114732 -81155.8046505786 283734.196428494 69.4037245168035 49.8840728769242 81.9534043707056
6072600 268.687865942876 -36123.1284716808 64821.9098535846 2305.81266692175 67127.7225205064 -82348.779589038 283734.196428494 69.4037245168035 49.8840728769242 81.9534043707056
6072700 270.33300204208 -35939.1660797618 64747.4800245939 2319.93081715173 67067.4108417457 -81647.8600005428 283734.196428494 69.4037245168035 49.8840728769242 81.9534043707056
6072800 270.765572469543 -35974.0587269385 64771.4101925741 2323.64302934069 67095.0532219148 -81764.6024250674 283734.196428494 69.4037245168035 49.8840728769242 81.9534043707056
6072900 274.535581457914 -36117.2132439837 64833.4597301756 2355.99631202165 67189.4560421973 -82262.5690194625 283734.196428494 69.4037245168035 49.8840728769242 81.9534043707056
6073000 279.1841144714 -35843.1833487012 64805.6267994293 2395.88887012988 67201.5156695592 -81116.5812980157 283734.196428494 69.4037245168035 49.8840728769242 81.9534043707056
6073100 269.865629802929 -36038.0731347727 64844.2844056675 2315.91994444104 67160.2043501085 -81964.341138161 283734.196428494 69.4037245168035 49.8840728769242 81.9534043707056
6073200 265.845624876037 -36032.5276678339 64834.5188869137 2281.4212585812 67115.9401454949 -81985.6583546358 283734.196428494 69.4037245168035 49.8840728769242 81.9534043707056
6073300 277.305431443553 -35859.6906166909 64730.3247111294 2379.76647804664 67110.091189176 -81276.3123947658 283734.196428494 69.4037245168035 49.8840728769242 81.9534043707056
6073400 272.411878958435 -36027.2060894914 64853.1018849913 2337.77122356488 67190.8731085561 -81888.7048482278 283734.196428494 69.4037245168035 49.8840728769242 81.9534043707056
6073500 278.074972520034 -36020.8370396164 64850.1539823396 2386.37048882189 67236.5244711615 -81816.6985341727 283734.196428494 69.4037245168035 49.8840728769242 81.9534043707056
6073600 274.792762090912 -36016.1278610943 64842.638562859 2358.2033724677 67200.8419353267 -81832.8946201047 283734.196428494 69.4037245168035 49.8840728769242 81.9534043707056
6073700 266.876131852912 -35966.4589834576 64837.1760665742 2290.26481402905 67127.4408806032 -81700.7672389771 283734.196428494 69.4037245168035 49.8840728769242 81.9534043707056
6073800 275.635160515859 -35952.7141132234 64753.7938262326 2365.43262694863 67119.2264531812 -81652.1057752046 283734.196428494 69.4037245168035 49.8840728769242 81.9534043707056
6073900 266.656753061618 -35839.8582688333 64852.3539892614 2288.38215961872 67140.7361488801 -81163.6017305728 283734.196428494 69.4037245168035 49.8840728769242 81.9534043707056
6074000 271.442557084646 -35917.7513268737 64845.217948429 2329.452743506 67174.670691935 -81451.9864978075 283734.196428494 69.4037245168035 49.8840728769242 81.9534043707056
6074100 283.033002719248 -36206.9176956575 64805.2822948973 2428.91907506418 67234.2013699615 -82589.0182207205 283734.196428494 69.4037245168035 49.8840728769242 81.9534043707056
6074200 283.636773453204 -35820.5307492802 64888.3793048997 2434.10048584873 67322.4797907484 -80901.8813497155 283734.196428494 69.4037245168035 49.8840728769242 81.9534043707056
6074300 271.710787196002 -36003.1013779152 64924.2652401446 2331.75462783653 67256.0198679811 -81723.8134619332 283734.196428494 69.4037245168035 49.8840728769242 81.9534043707056
6074400 278.016270428323 -35971.8524654314 64802.9085011754 2385.86672202108 67188.7752231965 -81661.7509749598 283734.196428494 69.4037245168035 49.8840728769242 81.9534043707056
6074500 273.429417598574 -35927.443547555 64809.4314560273 2346.50348796126 67155.9349439886 -81510.8283856818 283734.196428494 69.4037245168035 49.8840728769242 81.9534043707056
6074600 269.1307332215 -36030.1325823399 64812.0693651197 2309.61324413513 67121.6826092548 -81970.0050936377 283734.196428494 69.4037245168035 49.8840728769242 81.9534043707056
6074700 269.423814096364 -35744.2353316173 64804.3434343439 2312.12839155842 67116.4718259023 -80792.1809957713 283734.196428494 69.4037245168035 49.8840728769242 81.9534043707056
6074800 272.626424505936 -36168.9466616076 64838.7173295298 2339.61240027497 67178.3297298048 -82487.76677682 283734.196428494 69.4037245168035 49.8840728769242 81.9534043707056
6074900 277.498993984635 -35912.326481551 64859.354742098 2381.42758379662 67240.7823258946 -81363.4270046055 283734.196428494 69.4037245168035 49.8840728769242 81.9534043707056
6075000 278.268505268556 -36058.17420715 64820.5763399892 2388.03133889951 67208.6076788887 -81999.1154884672 283734.196428494 69.4037245168035 49.8840728769242 81.9534043707056
6075100 272.296787871431 -36165.0558200117 64818.9671436425 2336.78354038338 67155.7506840259 -82494.2456281633 283734.196428494 69.4037245168035 49.8840728769242 81.9534043707056
6075200 276.482502695417 -35917.1240544978 64771.2810054398 2372.70430750623 67143.9853129461 -81480.0762411306 283734.196428494 69.4037245168035 49.8840728769242 81.9534043707056
6075300 275.415621074219 -35992.6947990624 64785.7156673885 2363.54859387684 67149.2642612653 -81787.5069344524 283734.196428494 69.4037245168035 49.8840728769242 81.9534043707056
6075400 273.249387202586 -35997.4282966671 64823.2795764404 2344.95851172633 67168.2380881667 -81788.1201891421 283734.196428494 69.4037245168035 49.8840728769242 81.9534043707056
6075500 279.524496605699 -36013.3390190474 64847.3806807769 2398.80994523726 67246.1906260142 -81776.0057785019 283734.196428494 69.4037245168035 49.8840728769242 81.9534043707056
6075600 278.178399939604 -35734.4850429964 64896.5573019129 2387.25807730049 67283.8153792134 -80584.4910190115 283734.196428494 69.4037245168035 49.8840728769242 81.9534043707056
6075700 278.759446803423 -35890.9778789648 64817.7830395379 2392.244477464 67210.0275170019 -81305.8418890644 283734.196428494 69.4037245168035 49.8840728769242 81.9534043707056
6075800 275.329123569788 -36074.0603908413 64812.8084750377 2362.80629373361 67175.6147687713 -82097.8449853784 283734.196428494 69.4037245168035 49.8840728769242 81.9534043707056
6075900 273.569224917287 -35995.2644143227 64810.0946381498 2347.70327971698 67157.7979178668 -81789.6062744138 283734.196428494 69.4037245168035 49.8840728769242 81.9534043707056
6076000 278.229618299741 -35933.6124110267 64751.5943087871 2387.6976205719 67139.291929359 -81552.9979859854 283734.196428494 69.4037245168035 49.8840728769242 81.9534043707056
6076100 271.87747675719 -35978.5731569203 64799.5545183539 2333.18511633396 67132.7396346878 -81745.5965981474 283734.196428494 69.4037245168035 49.8840728769242 81.9534043707056
6076200 270.030254770192 -36128.2643819142 64845.9435493484 2317.33271510516 67163.2762644536 -82334.4780989602 283734.196428494 69.4037245168035 49.8840728769242 81.9534043707056
6076300 278.342650506895 -36039.5151170701 64834.7299945876 2388.66763495684 67223.3976295445 -81907.1147414133 283734.196428494 69.4037245168035 49.8840728769242 81.9534043707056
6076400 272.006068830871 -36050.1151534235 64888.6986739341 2334.28866163668 67222.9873355707 -81951.3876913466 283734.196428494 69.4037245168035 49.8840728769242 81.9534043707056
6076500 269.749468787812 -35983.497615162 64830.1477656893 2314.92307940168 67145.070845091 -81753.6426591462 283734.196428494 69.4037245168035 49.8840728769242 81.9534043707056
6076600 272.504298707689 -35980.4448787988 64750.2051996239 2338.56434694525 67088.7695465691 -81797.3118194027 283734.196428494 69.4037245168035 49.8840728769242 81.9534043707056
6076700 268.806103029709 -35946.5341141204 64800.1308372411 2306.82734829398 67106.9581855351 -81638.801378244 283734.196428494 69.4037245168035 49.8840728769242 81.9534043707056
6076800 269.073736031777 -36137.8820667982 64843.0415444532 2309.1241083806 67152.1656528338 -82385.3864234493 283734.196428494 69.4037245168035 49.8840728769242 81.9534043707056
6076900 273.121855556184 -35797.9089183648 64838.8635971411 2343.86406674767 67182.7276638888 -80948.024968685 283734.196428494 69.4037245168035 49.8840728769242 81.9534043707056
6077000 273.088412013077 -35971.6706023757 64830.8504323752 2343.57706255024 67174.4274949255 -81675.3461589584 283734.196428494 69.4037245168035 49.8840728769242 81.9534043707056
6077100 270.326794204401 -35977.2940853842 64846.3564235454 2319.87754302748 67166.2339665729 -81706.8095037789 283734.196428494 69.4037245168035 49.8840728769242 81.9534043707056
6077200 279.492208630083 -36064.3209173203 64774.2944203018 2398.53285783361 67172.8272781354 -82060.3308051487 283734.196428494 69.4037245168035 49.8840728769242 81.9534043707056
6077300 269.682278696928 -35895.2224651419 64820.143368449 2314.34647069586 67134.4898391449 -81398.943546607 283734.196428494 69.4037245168035 49.8840728769242 81.9534043707056
6077400 267.558834066965 -36113.2651453962 64786.9744738155 2296.12359521135 67083.0980690269 -82352.5898703565 283734.196428494 69.4037245168035 49.8840728769242 81.9534043707056
6077500 269.430557841725 -35876.7692779873 64793.2668637882 2312.18626470956 67105.4531284977 -81351.6214814409 283734.196428494 69.4037245168035 49.8840728769242 81.9534043707056
6077600 276.886632939204 -35833.9647321153 64798.7791611013 2376.17245308825 67174.9516141895 -81104.9989740478 283734.196428494 69.4037245168035 49.8840728769242 81.9534043707056
6077700 268.443306686408 -36390.5228868455 64894.2924728002 2303.71392000068 67198.0063928008 -83384.9663784357 283734.196428494 69.4037245168035 49.8840728769242 81.9534043707056
6077800 274.74709544705 -35695.890609912 64834.7292648562 2357.81147264928 67192.5407375055 -80516.0629687758 283734.196428494 69.4037245168035 49.8840728769242 81.9534043707056
6077900 269.503165481807 -35878.9019757718 64798.956815329 2312.80936547978 67111.7661808087 -81354.1334733152 283734.196428494 69.4037245168035 49.8840728769242 81.9534043707056
6078000 267.685255034692 -36141.7125514827 64770.6043362456 2297.20850862092 67067.8128448665 -82485.5896706294 283734.196428494 69.4037245168035 49.8840728769242 81.9534043707056
6078100 272.400223072941 -36027.8926625267 64784.9280372394 2337.67119564467 67122.5992328841 -81959.8197440466 283734.196428494 69.4037245168035 49.8840728769242 81.9534043707056
6078200 277.819447284013 -35838.3123437897 64789.450322358 2384.17763458239 67173.6279569404 -81124.3129276282 283734.196428494 69.4037245168035 49.8840728769242 81.9534043707056
6078300 272.449668562863 -35778.9598260688 64846.9785906934 2338.09552458332 67185.0741152767 -80867.2676997854 283734.196428494 69.4037245168035 49.8840728769242 81.9534043707056
6078400 272.589863342429 -35895.9737789498 64841.0799859386 2339.29864143203 67180.3786273707 -81356.1636740464 283734.196428494 69.4037245168035 49.8840728769242 81.9534043707056
6078500 270.75458226366 -35887.4011727226 64810.7471570462 2323.5487141179 67134.2958711641 -81366.7732238334 283734.196428494 69.4037245168035 49.8840728769242 81.9534043707056
6078600 268.543783606639 -36116.467120697 64752.2080350903 2304.57618802528 67056.7842231156 -82392.1534011113 283734.196428494 69.4037245168035 49.8840728769242 81.9534043707056
6078700 274.257045774285 -35877.4718525496 64747.4441665485 2353.60598782429 67101.0501543728 -81358.9316895869 283734.196428494 69.4037245168035 49.8840728769242 81.9534043707056
6078800 270.692516903332 -35827.8371550751 64832.2172054656 2323.01608457947 67155.2332900451 -81099.361554625 283734.196428494 69.4037245168035 49.8840728769242 81.9534043707056
6078900 273.991389734876 -36034.2656308946 64814.1921393433 2351.32619354119 67165.5183328845 -81943.2718101107 283734.196428494 69.4037245168035 49.8840728769242 81.9534043707056
6079000 270.367129187874 -36156.9450923074 64858.9129253488 2320.22368785797 67179.1366132068 -82437.2977330596 283734.196428494 69.4037245168035 49.8840728769242 81.9534043707056
6079100 271.173320469726 -35980.1694916123 64873.0527278224 2327.14222161138 67200.1949494338 -81684.7468720107 283734.196428494 69.4037245168035 49.8840728769242 81.9534043707056
6079200 276.302240398394 -35913.6050338551 64840.2147662662 2371.15734115408 67211.3721074202 -81398.1278369962 283734.196428494 69.4037245168035 49.8840728769242 81.9534043707056
6079300 270.353444947147 -35809.0425548575 64853.011625331 2320.10625309591 67173.1178784269 -81003.7054326595 283734.196428494 69.4037245168035 49.8840728769242 81.9534043707056
6079400 273.764401274823 -35903.7935046088 64773.5215142128 2349.37823483976 67122.8997490525 -81446.0003599085 283734.196428494 69.4037245168035 49.8840728769242 81.9534043707056
6079500 269.965802001418 -36039.5431374183 64769.0288241261 2316.77959741919 67085.8084215453 -82044.819896835 283734.196428494 69.4037245168035 49.8840728769242 81.9534043707056
6079600 270.786339184378 -35787.7968366597 64820.4089715518 2323.82124414005 67144.2302156919 -80944.6789037016 283734.196428494 69.4037245168035 49.8840728769242 81.9534043707056
6079700 279.736550401312 -35881.5414116809 64815.3071922225 2400.62973835027 67215.9369305728 -81260.8846360191 283734.196428494 69.4037245168035 49.8840728769242 81.9534043707056
6079800 277.785307003187 -35796.3841434297 64814.1357915846 2383.88465115456 67198.0204427392 -80926.4227135119 283734.196428494 69.4037245168035 49.8840728769242 81.9534043707056
6079900 275.357075242994 -35970.7188084212 64780.9350499309 2363.04616806479 67143.9812179957 -81701.8539389451 283734.196428494 69.4037245168035 49.8840728769242 81.9534043707056
6080000 271.974546627844 -35843.4127624377 64773.005243859 2334.01814590359 67107.0233897626 -81212.022885481 283734.196428494 69.4037245168035 49.8840728769242 81.9534043707056
6080100 269.690807846271 -36056.4867628137 64835.9054408212 2314.41966574144 67150.3251065627 -82050.4154630071 283734.196428494 69.4037245168035 49.8840728769242 81.9534043707056
6080200 279.064989635634 -36045.7063566278 64860.8373617825 2394.86657031633 67255.7039320988 -81900.4276161549 283734.196428494 69.4037245168035 49.8840728769242 81.9534043707056
6080300 278.862823895823 -35977.8464612732 64852.8585135664 2393.1316340473 67245.9901476137 -81629.3390388214 283734.196428494 69.4037245168035 49.8840728769242 81.9534043707056
6080400 270.887330152555 -35933.7100359959 64858.8414176136 2324.6879235967 67183.5293412103 -81509.1645435444 283734.196428494 69.4037245168035 49.8840728769242 81.9534043707056
6080500 273.526785596087 -35778.6535479886 64794.1694877773 2347.33907598171 67141.508563759 -80909.5658811156 283734.196428494 69.4037245168035 49.8840728769242 81.9534043707056
6080600 272.0985087236 -36159.5180424561 64812.7589929225 2335.08195788337 67147.8409508059 -82479.2401916987 283734.196428494 69.4037245168035 49.8840728769242 81.9534043707056
6080700 271.536506846257 -35748.9548082889 64838.8553563143 2330.2589970732 67169.1143533875 -80759.0675316453 283734.196428494 69.4037245168035 49.8840728769242 81.9534043707056
6080800 279.424103015661 -35870.130147082 64863.3653709865 2397.94839233171 67261.3137633182 -81168.2883073701 283734.196428494 69.4037245168035 49.8840728769242 81.9534043707056
6080900 275.532217924231 -36099.9246858446 64908.0028804849 2364.54919914324 67272.5520796281 -82107.9334087309 283734.196428494 69.4037245168035 49.8840728769242 81.9534043707056
6081000 277.382266865134 -35853.065101759 64806.1722567858 2380.42586058976 67186.5981173756 -81172.3892698359 283734.196428494 69.4037245168035 49.8840728769242 81.9534043707056
6081100 272.48601408756 -35841.2930952219 64825.5792603746 2338.40743286745 67163.9866932421 -81146.2884579472 283734.196428494 69.4037245168035 49.8840728769242 81.9534043707056
6081200 271.337813582221 -36187.3082059255 64829.4765339266 2328.55386073056 67158.0303946571 -82584.0456722687 283734.196428494 69.4037245168035 49.8840728769242 81.9534043707056
6081300 268.056069939344 -36092.9250119443 64833.4071623363 2300.39075022022 67133.7979125565 -82217.7231196553 283734.196428494 69.4037245168035 49.8840728769242 81.9534043707056
6081400 270.169662241519 -35987.4277668569 64778.1227114411 2318.52907546971 67096.6517869108 -81818.3245758595 283734.196428494 69.4037245168035 49.8840728769242 81.9534043707056
6081500 270.203684504858 -36028.2445449045 64782.6740109542 2318.82104610072 67101.495057055 -81982.37999938 283734.196428494 69.4037245168035 49.8840728769242 81.9534043707056
6081600 272.672955499102 -36029.31649192 64840.737557913 2340.01171772487 67180.7492756379 -81907.5614677683 283734.196428494 69.4037245168035 49.8840728769242 81.9534043707056
6081700 271.949056938526 -35866.2325320359 64881.6031493155 2333.79939970788 67215.4025490234 -81198.0712988809 283734.196428494 69.4037245168035 49.8840728769242 81.9534043707056
6081800 274.276402320256 -35984.5982882163 64843.6531508982 2353.77210090398 67197.4252518022 -81705.8428069567 283734.196428494 69.4037245168035 49.8840728769242 81.9534043707056
6081900 272.396253503024 -36124.0955673827 64790.5788117417 2337.63712977956 67128.2159415213 -82352.2879831718 283734.196428494 69.4037245168035 49.8840728769242 81.9534043707056
6082000 266.467040306154 -35702.9949814001 64815.7766362576 2286.75409177468 67102.5307280322 -80635.4706701061 283734.196428494 69.4037245168035 49.8840728769242 81.9534043707056
6082100 270.46640742698 -36142.9310986673 64800.5910770072 2321.07566909827 67121.6667461054 -82436.778083789 283734.196428494 69.4037245168035 49.8840728769242 81.9534043707056
6082200 274.730312167726 -36028.3833920707 64792.5766919387 2357.66744270613 67150.2441346449 -81934.2054675065 283734.196428494 69.4037245168035 49.8840728769242 81.9534043707056
6082300 278.30088111804 -35666.6731294905 64812.0493965021 2388.3091804149 67200.358576917 -80387.3440070461 283734.196428494 69.4037245168035 49.8840728769242 81.9534043707056
6082400 276.530941641003 -36017.7440400708 64842.0631956253 2373.11999853088 67215.1831941562 -81825.2410649823 283734.196428494 69.4037245168035 49.8840728769242 81.9534043707056
6082500 269.619163078577 -35890.2889373889 64840.943325209 2313.80482810339 67154.7481533124 -81358.2704316515 283734.196428494 69.4037245168035 49.8840728769242 81.9534043707056
6082600 268.862270790803 -35787.7359618617 64779.9534090208 2307.30936609762 67087.2627751184 -81001.3944460521 283734.196428494 69.4037245168035 49.8840728769242 81.9534043707056
6082700 274.882597529121 -35934.8845770679 64742.9138408259 2358.97431793125 67101.8881587572 -81595.6659443245 283734.196428494 69.4037245168035 49.8840728769242 81.9534043707056
6082800 267.734213445389 -35927.5194746743 64863.3457897723 2297.62865756639 67160.9744473387 -81506.1030666421 283734.196428494 69.4037245168035 49.8840728769242 81.9534043707056
6082900 275.894581178293 -35884.7547851184 64813.5463001444 2367.65891077206 67181.2052109165 -81308.9132056919 283734.196428494 69.4037245168035 49.8840728769242 81.9534043707056
6083000 275.779977731251 -36099.0156310048 64803.5193538847 2366.67541239585 67170.1947662806 -82206.5290784051 283734.196428494 69.4037245168035 49.8840728769242 81.9534043707056
6083100 271.804260634121 -35768.8238704608 64826.2705927118 2332.55679371357 67158.8273864254 -80851.5721259092 283734.196428494 69.4037245168035 49.8840728769242 81.9534043707056
6083200 272.047827304925 -35927.1539831048 64816.8215881424 2334.6470225105 67151.4686106529 -81514.0965093668 283734.196428494 69.4037245168035 49.8840728769242 81.9534043707056
6083300 270.73068277565 -36084.1117363541 64827.4167919379 2323.34361463567 67150.7604065736 -82164.2915360803 283734.196428494 69.4037245168035 49.8840728769242 81.9534043707056
6083400 274.941783026463 -36053.7312623985 64813.8624165811 2359.48223319937 67173.3446497805 -82015.9937356194 283734.196428494 69.4037245168035 49.8840728769242 81.9534043707056
6083500 272.790746541378 -36020.0779956378 64850.5337305276 2341.02257125328 67191.5563017809 -81858.5258006565 283734.196428494 69.4037245168035 49.8840728769242 81.9534043707056
6083600 274.470011415943 -35864.9982383775 64856.746887201 2355.43360617405 67212.180493375 -81196.1858816593 283734.196428494 69.4037245168035 49.8840728769242 81.9534043707056
6083700 273.993628059505 -35988.3112710219 64844.0040466455 2351.34540228836 67195.3494489338 -81723.2828295276 283734.196428494 69.4037245168035 49.8840728769242 81.9534043707056
6083800 272.468370357678 -35923.4495108823 64785.0731400262 2338.25601875088 67123.329158777 -81526.9069580968 283734.196428494 69.4037245168035 49.8840728769242 81.9534043707056
6083900 267.482754458061 -35922.0160237798 64800.1351856983 2295.47069886529 67095.6058845636 -81548.6985025024 283734.196428494 69.4037245168035 49.8840728769242 81.9534043707056
6084000 269.277168520617 -36094.8183155545 64835.1904714267 2310.86991557582 67146.0603870025 -82213.295082952 283734.196428494 69.4037245168035 49.8840728769242 81.9534043707056
6084100 278.683240833455 -35877.6250626591 64834.6442042319 2391.59049671861 67226.2347009505 -81234.3811221862 283734.196428494 69.4037245168035 49.8840728769242 81.9534043707056
6084200 271.541172832591 -35879.1123299376 64882.6758210354 2330.29903941138 67212.9748604468 -81253.7952333716 283734.196428494 69.4037245168035 49.8840728769242 81.9534043707056
6084300 276.579047721435 -36049.0280079179 64795.068169467 2373.53283298928 67168.6010024563 -82001.2754465599 283734.196428494 69.4037245168035 49.8840728769242 81.9534043707056
6084400 269.231164513936 -35732.8394754444 64823.1163978851 2310.47512059331 67133.5915184784 -80727.9055669307 283734.196428494 69.4037245168035 49.8840728769242 81.9534043707056
6084500 265.452366941591 -36001.9793869958 64824.0893260926 2278.04641646308 67102.1357425557 -81873.054820103 283734.196428494 69.4037245168035 49.8840728769242 81.9534043707056
6084600 269.447792025393 -36070.1056555376 64800.7626098152 2312.33416420203 67113.0967740172 -82143.9983953092 283734.196428494 69.4037245168035 49.8840728769242 81.9534043707056
6084700 274.996057705394 -36020.4532817061 64832.0060881515 2359.9480050411 67191.9540931926 -81859.6809325697 283734.196428494 69.4037245168035 49.8840728769242 81.9534043707056
6084800 276.755928350758 -36036.6806431185 64842.6147875514 2375.05077870743 67217.6655662588 -81901.1178302292 283734.196428494 69.4037245168035 49.8840728769242 81.9534043707056
6084900 275.580953510072 -35863.2981650181 64839.2854156154 2364.96743586103 67204.2528514765 -81197.0786672253 283734.196428494 69.4037245168035 49.8840728769242 81.9534043707056
6085000 271.027371865163 -36005.597049538 64788.167765648 2325.88972686272 67114.0574925107 -81876.1028572486 283734.196428494 69.4037245168035 49.8840728769242 81.9534043707056
6085100 267.493269107691 -35933.3240552533 64800.3706437068 2295.56093298219 67095.931576689 -81595.1651304756 283734.196428494 69.4037245168035 49.8840728769242 81.9534043707056
6085200 267.3279749058 -35963.8848765948 64838.771984352 2294.14241911239 67132.9144034644 -81684.6421334265 283734.196428494 69.4037245168035 49.8840728769242 81.9534043707056
6085300 276.833734585415 -35872.688378934 64796.3798042767 2375.71849252773 67172.0982968045 -81268.0896662197 283734.196428494 69.4037245168035 49.8840728769242 81.9534043707056
6085400 276.77680645443 -35951.0141896234 64808.333668643 2375.22994941817 67183.5636180612 -81580.7343736921 283734.196428494 69.4037245168035 49.8840728769242 81.9534043707056
6085500 275.557388562201 -36030.1981027486 64814.5333250426 2364.76520731936 67179.298532362 -81912.6602921617 283734.196428494 69.4037245168035 49.8840728769242 81.9534043707056
6085600 272.120581323228 -35944.5626987704 64818.9131594457 2335.27137946233 67154.184538908 -81583.4173629188 283734.196428494 69.4037245168035 49.8840728769242 81.9534043707056
6085700 272.506234342664 -35907.5117987229 64774.4020053033 2338.58095808483 67112.9829633881 -81471.3033433222 283734.196428494 69.4037245168035 49.8840728769242 81.9534043707056
6085800 266.976706852983 -36175.0815993552 64757.8360167644 2291.12792375053 67048.9639405149 -82642.5187680799 283734.196428494 69.4037245168035 49.8840728769242 81.9534043707056
6085900 264.488586602398 -36006.125922593 64818.6602626161 2269.77549248055 67088.4357550967 -81903.9130566718 283734.196428494 69.4037245168035 49.8840728769242 81.9534043707056
6086000 274.290889502371 -36048.80023586 64815.3008401987 2353.89642631001 67169.1972665088 -81999.7366680594 283734.196428494 69.4037245168035 49.8840728769242 81.9534043707056
6086100 276.607475309434 -36248.0279188171 64819.7188245127 2373.77679150325 67193.4956160159 -82799.8369360521 283734.196428494 69.4037245168035 49.8840728769242 81.9534043707056
6086200 275.735875896064 -35781.8246435731 64820.274239368 2366.29694137762 67186.5711807456 -80877.625169564 283734.196428494 69.4037245168035 49.8840728769242 81.9534043707056
6086300 272.205690331926 -36002.1460053368 64810.7661828335 2336.00176387934 67146.7679467128 -81829.1120780124 283734.196428494 69.4037245168035 49.8840728769242 81.9534043707056
6086400 264.22004883316 -36052.2364716963 64809.5993695258 2267.47096790634 67077.0703374321 -82106.0826455675 283734.196428494 69.4037245168035 49.8840728769242 81.9534043707056
6086500 272.25502500365 -35947.5743613684 64757.3221800677 2336.42514180368 67093.7473218714 -81656.3167561216 283734.196428494 69.4037245168035 49.8840728769242 81.9534043707056
6086600 278.32557641723 -35863.4630387292 64793.6960681314 2388.52110935143 67182.2171774829 -81219.7965840552 283734.196428494 69.4037245168035 49.8840728769242 81.9534043707056
6086700 273.589230649917 -35960.0473297588 64848.7572209708 2347.87496395567 67196.6321849265 -81605.0446897651 283734.196428494 69.4037245168035 49.8840728769242 81.9534043707056
6086800 277.89177766395 -36012.7565752821 64798.9154768118 2384.79835597476 67183.7138327865 -81836.0724356089 283734.196428494 69.4037245168035 49.8840728769242 81.9534043707056
6086900 272.503090461242 -35976.6411983097 64793.440023316 2338.55397807374 67131.9940013897 -81738.3478403851 283734.196428494 69.4037245168035 49.8840728769242 81.9534043707056
6087000 262.445056847974 -36029.009683276 64834.7627194952 2252.23842664973 67087.0011461449 -82000.0400316154 283734.196428494 69.4037245168035 49.8840728769242 81.9534043707056
6087100 276.001147864527 -35904.6600323244 64765.6144110655 2368.57343965906 67134.1878507245 -81438.2979258513 283734.196428494 69.4037245168035 49.8840728769242 81.9534043707056
6087200 275.464191699479 -36138.1784526273 64860.1343227581 2363.96541494382 67224.0997377019 -82314.6787749083 283734.196428494 69.4037245168035 49.8840728769242 81.9534043707056
6087300 278.119565521011 -35880.643802338 64829.9033085376 2386.75317490318 67216.6564834408 -81256.4508006259 283734.196428494 69.4037245168035 49.8840728769242 81.9534043707056
6087400 270.345482700338 -36077.431233174 64836.1264728321 2320.03792306737 67156.1643958995 -82131.2438101804 283734.196428494 69.4037245168035 49.8840728769242 81.9534043707056
6087500 268.582111216815 -35906.5276956769 64812.1894343517 2304.9051060757 67117.0945404274 -81463.1195752171 283734.196428494 69.4037245168035 49.8840728769242 81.9534043707056
6087600 270.610914857378 -36193.2178721836 64815.7499888631 2322.31579604746 67138.0657849106 -82628.4643168199 283734.196428494 69.4037245168035 49.8840728769242 81.9534043707056
6087700 273.249368803098 -35778.8223375565 64820.3549207519 2344.95835382647 67165.3132745784 -80886.4596168389 283734.196428494 69.4037245168035 49.8840728769242 81.9534043707056
6087800 270.848921267407 -36032.3692068758 64853.1865574453 2324.35830806463 67177.54486551 -81923.3979275784 283734.196428494 69.4037245168035 49.8840728769242 81.9534043707056
6087900 273.394234678865 -35992.5962365045 64834.1298352929 2346.20155686497 67180.3313921578 -81756.0319544333 283734.196428494 69.4037245168035 49.8840728769242 81.9534043707056
6088000 273.067122938434 -35602.0612983435 64827.8014197492 2343.39436498849 67171.1957847377 -80149.1448368665 283734.196428494 69.4037245168035 49.8840728769242 81.9534043707056
6088100 268.047191878391 -36190.6279739871 64847.0962302665 2300.31456090169 67147.4107911682 -82608.4023837729 283734.196428494 69.4037245168035 49.8840728769242 81.9534043707056
6088200 273.563430723197 -36018.5398096083 64761.2926327097 2347.65355537948 67108.9461880891 -81934.770943289 283734.196428494 69.4037245168035 49.8840728769242 81.9534043707056
6088300 268.910711234083 -35925.6027386155 64777.5025252675 2307.72506997511 67085.2275952426 -81573.918518174 283734.196428494 69.4037245168035 49.8840728769242 81.9534043707056
6088400 276.562783940098 -35932.1058500988 64770.1759298416 2373.39326124909 67143.5691910907 -81542.4866169864 283734.196428494 69.4037245168035 49.8840728769242 81.9534043707056
6088500 280.323242934237 -36021.139947952 64806.6187769835 2405.66458824667 67212.2833652302 -81842.1930663818 283734.196428494 69.4037245168035 49.8840728769242 81.9534043707056
6088600 272.992526039592 -35773.6912533357 64878.2294838123 2342.75419289267 67220.983676705 -80809.5569307491 283734.196428494 69.4037245168035 49.8840728769242 81.9534043707056
6088700 277.768955593651 -35917.7600130217 64791.6080626754 2383.74432741088 67175.3523900863 -81451.3407426953 283734.196428494 69.4037245168035 49.8840728769242 81.9534043707056
6088800 267.176240258078 -35924.5011154306 64808.9224663908 2292.8402699755 67101.7627363662 -81552.8248909146 283734.196428494 69.4037245168035 49.8840728769242 81.9534043707056
6088900 269.497216247139 -35965.4914659373 64798.1012327805 2312.75831062247 67110.859543403 -81713.3450155562 283734.196428494 69.4037245168035 49.8840728769242 81.9534043707056
6089000 270.143333813662 -35917.3073577607 64824.2711929697 2318.30313142776 67142.5743243974 -81482.245733489 283734.196428494 69.4037245168035 49.8840728769242 81.9534043707056
6089100 272.637927864695 -36067.0610410146 64844.3475662617 2339.71111924855 67184.0586855103 -82060.4379534995 283734.196428494 69.4037245168035 49.8840728769242 81.9534043707056
6089200 274.59532675072 -36178.452266269 64857.2962787462 2356.50903131568 67213.8053100619 -82491.6251245846 283734.196428494 69.4037245168035 49.8840728769242 81.9534043707056
6089300 277.949636846299 -35774.3817241645 64822.3577888405 2385.29488913636 67207.6526779769 -80825.7450785853 283734.196428494 69.4037245168035 49.8840728769242 81.9534043707056
6089400 272.281354554183 -36091.0190612066 64794.4842287357 2336.65109548016 67131.1353242158 -82212.4989367911 283734.196428494 69.4037245168035 49.8840728769242 81.9534043707056
6089500 268.493457194674 -35856.7993233498 64792.8143995834 2304.144299232 67096.9586988154 -81277.4807936015 283734.196428494 69.4037245168035 49.8840728769242 81.9534043707056
6089600 272.023425819025 -35939.3847141813 64803.2416225997 2334.4376150068 67137.6792376065 -81578.4963078359 283734.196428494 69.4037245168035 49.8840728769242 81.9534043707056
6089700 272.573754397973 -35962.2982242871 64872.3069541797 2339.16039846357 67211.4673526433 -81599.5236610758 283734.196428494 69.4037245168035 49.8840728769242 81.9534043707056
6089800 273.04175652304 -35786.2987838984 64875.3416737895 2343.17667669905 67218.5183504886 -80864.1918681947 283734.196428494 69.4037245168035 49.8840728769242 81.9534043707056
6089900 280.109533711424 -35920.006301052 64782.6966556758 2403.83058866775 67186.5272443436 -81449.4609659052 283734.196428494 69.4037245168035 49.8840728769242 81.9534043707056
6090000 269.984216553477 -35811.2885451731 64833.835686461 2316.93762654062 67150.7733130016 -81035.343843617 283734.196428494 69.4037245168035 49.8840728769242 81.9534043707056
6090100 264.585504153305 -36143.0387820039 64822.9444535174 2270.60721487986 67093.5516683972 -82465.3387521526 283734.196428494 69.4037245168035 49.8840728769242 81.9534043707056
6090200 267.468646921486 -35962.6631877915 64724.6095395421 2295.34963148318 67019.9591710253 -81792.5420515364 283734.196428494 69.4037245168035 49.8840728769242 81.9534043707056
6090300 267.373865790019 -36059.1016115242 64788.4081355708 2294.53624330596 67082.9443788767 -82128.616362016 283734.196428494 69.4037245168035 49.8840728769242 81.9534043707056
6090400 273.080693074642 -35893.182486073 64801.3955970634 2343.51082053386 67144.9064175973 -81380.0855914384 283734.196428494 69.4037245168035 49.8840728769242 81.9534043707056
6090500 273.914573888817 -36064.1661166641 64828.7429103091 2350.66697899036 67179.4098892995 -82053.1076331696 283734.196428494 69.4037245168035 49.8840728769242 81.9534043707056
6090600 275.377184727268 -36119.4658716357 64838.5562589228 2363.21874267437 67201.7750015972 -82259.5713707084 283734.196428494 69.4037245168035 49.8840728769242 81.9534043707056
6090700 276.89720625113 -35926.6402479732 64829.1078067615 2376.26319063043 67205.3709973919 -81458.0683009246 283734.196428494 69.4037245168035 49.8840728769242 81.9534043707056
6090800 269.100945525202 -36083.4918606288 64858.411906264 2309.35761350886 67167.7695197728 -82144.7173943498 283734.196428494 69.4037245168035 49.8840728769242 81.9534043707056
6090900 268.235796935004 -35921.6564184268 64790.5958560193 2301.93312274875 67092.5289787681 -81550.287371337 283734.196428494 69.4037245168035 49.8840728769242 81.9534043707056
6091000 265.937597889893 -36074.5472948973 64822.6621319183 2282.21054818913 67104.8726801074 -82170.6018694998 283734.196428494 69.4037245168035 49.8840728769242 81.9534043707056
6091100 276.603020185943 -35816.0401222012 64805.6557484799 2373.73855873773 67179.3943072177 -81026.3847431436 283734.196428494 69.4037245168035 49.8840728769242 81.9534043707056
6091200 274.236904171087 -36231.7480842799 64838.8972367106 2353.43313757807 67192.3303742886 -82733.6366747209 283734.196428494 69.4037245168035 49.8840728769242 81.9534043707056
6091300 277.466648330778 -35911.4206603888 64805.2407438329 2381.15000141261 67186.3907452455 -81414.0703224494 283734.196428494 69.4037245168035 49.8840728769242 81.9534043707056
6091400 272.526693620537 -36101.3911231599 64813.9140248587 2338.75653453638 67152.6705593951 -82233.8830058371 283734.196428494 69.4037245168035 49.8840728769242 81.9534043707056
6091500 266.092625800876 -36120.8378257247 64784.0618190776 2283.54095929503 67067.6027783726 -82399.4207018398 283734.196428494 69.4037245168035 49.8840728769242 81.9534043707056
6091600 269.571983446349 -35898.4213056317 64722.2097704968 2313.39994419384 67035.6097146907 -81511.0603841434 283734.196428494 69.4037245168035 49.8840728769242 81.9534043707056
6091700 268.888252236782 -36054.6857869545 64805.8365976487 2307.53233242709 67113.3689300758 -82079.91925142 283734.196428494 69.4037245168035 49.8840728769242 81.9534043707056
6091800 272.817862397615 -36016.4515069529 64818.8940467328 2341.25527281041 67160.1493195432 -81874.9264734604 283734.196428494 69.4037245168035 49.8840728769242 81.9534043707056
6091900 278.106584321484 -36010.6789751467 64795.196343751 2386.64177346644 67181.8381172174 -81829.3510995341 283734.196428494 69.4037245168035 49.8840728769242 81.9534043707056
6092000 278.104777520215 -35585.9795960161 64814.4673262405 2386.6262679458 67201.0935941863 -80052.7013899391 283734.196428494 69.4037245168035 49.8840728769242 81.9534043707056
6092100 272.35156682002 -36041.6669492783 64843.7662040208 2337.25363974233 67181.0198437632 -81958.3967490937 283734.196428494 69.4037245168035 49.8840728769242 81.9534043707056
6092200 266.105339694538 -35855.1053626469 64832.7123048258 2283.65006677909 67116.3623716049 -81251.0675584819 283734.196428494 69.4037245168035 49.8840728769242 81.9534043707056
6092300 271.072824437485 -35979.7669554251 64763.3810094179 2326.27978957224 67089.6607989901 -81793.615338894 283734.196428494 69.4037245168035 49.8840728769242 81.9534043707056
6092400 271.393875340066 -36071.0436399833 64847.4789961928 2329.03496884057 67176.5139650334 -82084.4625578719 283734.196428494 69.4037245168035 49.8840728769242 81.9534043707056
6092500 277.719120072385 -36000.3166826925 64844.749233906 2383.31665131991 67228.0658852259 -81740.2444532162 283734.196428494 69.4037245168035 49.8840728769242 81.9534043707056
6092600 276.244818379294 -35970.0509103612 64835.1113631529 2370.66455961913 67205.775922772 -81637.2954905512 283734.196428494 69.4037245168035 49.8840728769242 81.9534043707056
6092700 269.908093602868 -36049.7604878303 64826.8250422646 2316.28435824679 67143.1094005113 -82029.7980300339 283734.196428494 69.4037245168035 49.8840728769242 81.9534043707056
6092800 271.557322853654 -35839.7258751336 64788.6674912035 2330.4376348891 67119.1051260926 -81184.6849119091 283734.196428494 69.4037245168035 49.8840728769242 81.9534043707056
6092900 271.977103531153 -35949.4980611238 64803.5098490336 2334.04008861401 67137.5499376476 -81620.4743564926 283734.196428494 69.4037245168035 49.8840728769242 81.9534043707056
6093000 267.062311523076 -36090.6610123716 64868.6845360624 2291.86256181078 67160.5470978732 -82181.6055670011 283734.196428494 69.4037245168035 49.8840728769242 81.9534043707056
6093100 278.353644174503 -35642.5701389054 64783.3891454597 2388.7619798873 67172.151125347 -80315.8139531601 283734.196428494 69.4037245168035 49.8840728769242 81.9534043707056
6093200 280.88349303774 -36084.76366346 64757.7570435126 2410.47251576795 67168.2295592806 -82149.5200396266 283734.196428494 69.4037245168035 49.8840728769242 81.9534043707056
6093300 269.724442962275 -35862.4334172987 64833.6823322789 2314.70831396998 67148.3906462488 -81249.3625704129 283734.196428494 69.4037245168035 49.8840728769242 81.9534043707056
6093400 269.905177522574 -36069.9971496729 64758.1653320814 2316.25933316851 67074.4246652499 -82182.2215098225 283734.196428494 69.4037245168035 49.8840728769242 81.9534043707056
6093500 267.850614979794 -35893.2819912476 64743.8004701076 2298.62758668267 67042.4280567902 -81482.9757018935 283734.196428494 69.4037245168035 49.8840728769242 81.9534043707056
6093600 276.376751525541 -36015.8419997099 64752.4772871398 2371.79677717848 67124.2740643182 -81908.2796046459 283734.196428494 69.4037245168035 49.8840728769242 81.9534043707056
6093700 277.01640099942 -36004.5954021259 64786.7978747546 2377.28609041592 67164.0839651705 -81821.9315954232 283734.196428494 69.4037245168035 49.8840728769242 81.9534043707056
6093800 274.698489935373 -35880.9104771301 64818.924425541 2357.39435219573 67176.3187777367 -81297.8919992113 283734.196428494 69.4037245168035 49.8840728769242 81.9534043707056
6093900 273.040982607385 -36063.449415791 64830.8964800144 2343.17003514673 67174.0665151611 -82055.4853190052 283734.196428494 69.4037245168035 49.8840728769242 81.9534043707056
6094000 271.670649879999 -35774.7525853054 64814.4648046016 2331.41017933927 67145.8749839409 -80889.0573857201 283734.196428494 69.4037245168035 49.8840728769242 81.9534043707056
6094100 268.813756587068 -36093.1968543621 64776.8409102916 2306.89302922619 67083.7339395178 -82268.9119690672 283734.196428494 69.4037245168035 49.8840728769242 81.9534043707056
6094200 273.010566002969 -35982.0484392436 64769.1414492773 2342.90900738687 67112.0504566641 -81780.6663978812 283734.196428494 69.4037245168035 49.8840728769242 81.9534043707056
6094300 273.682657684193 -35899.44258566 64845.1259972959 2348.67673160643 67193.8027289023 -81357.0933983178 283734.196428494 69.4037245168035 49.8840728769242 81.9534043707056
6094400 281.581021558458 -35974.8001318356 64791.8923074627 2416.45853263912 67208.3508401018 -81654.3727197483 283734.196428494 69.4037245168035 49.8840728769242 81.9534043707056
6094500 278.71006846614 -36229.1790736848 64809.4391352618 2391.82072481265 67201.2598600744 -82714.0766944598 283734.196428494 69.4037245168035 49.8840728769242 81.9534043707056
6094600 269.628927787879 -35932.7576603924 64839.7971270459 2313.88862641828 67153.6857534642 -81535.0672275003 283734.196428494 69.4037245168035 49.8840728769242 81.9534043707056
6094700 270.972361263898 -35874.4759223927 64787.6732053039 2325.41763951792 67113.0908448218 -81334.4939233761 283734.196428494 69.4037245168035 49.8840728769242 81.9534043707056
6094800 270.818369480007 -36146.7699026953 64802.5884815779 2324.09612019791 67126.6846017758 -82447.645092544 283734.196428494 69.4037245168035 49.8840728769242 81.9534043707056
6094900 269.109794698854 -35660.8801722747 64834.0172704452 2309.43355492374 67143.4508253689 -80420.2806625646 283734.196428494 69.4037245168035 49.8840728769242 81.9534043707056
6095000 272.238833331206 -35906.3602429772 64830.7198447916 2336.28618888413 67167.0060336758 -81412.515167349 283734.196428494 69.4037245168035 49.8840728769242 81.9534043707056
6095100 273.059649201565 -35981.0741796768 64850.9653456147 2343.33022723117 67194.2955728458 -81694.3898226769 283734.196428494 69.4037245168035 49.8840728769242 81.9534043707056
6095200 276.671621314661 -35916.7025740486 64857.7840094348 2374.3272766205 67232.1112860553 -81390.2061936317 283734.196428494 69.4037245168035 49.8840728769242 81.9534043707056
6095300 277.766391154268 -35793.2163771314 64848.3909010876 2383.72232002773 67232.1132211153 -80879.2218061945 283734.196428494 69.4037245168035 49.8840728769242 81.9534043707056
6095400 271.531367082221 -36213.7988362644 64814.9136496196 2330.21488889221 67145.1285385118 -82706.5650208427 283734.196428494 69.4037245168035 49.8840728769242 81.9534043707056
6095500 271.864219480584 -35772.9638704367 64778.8437709621 2333.07134567216 67111.9151166342 -80915.6156005905 283734.196428494 69.4037245168035 49.8840728769242 81.9534043707056
6095600 271.263728284237 -36094.600159301 64809.1467592563 2327.91807906649 67137.0648383228 -82221.3879071153 283734.196428494 69.4037245168035 49.8840728769242 81.9534043707056
6095700 277.496837954731 -36102.797736749 64819.7111217277 2381.40908128239 67201.1202030101 -82191.2538901777 283734.196428494 69.4037245168035 49.8840728769242 81.9534043707056
6095800 276.154478178379 -35777.1661068786 64865.8650334894 2369.88928240716 67235.7543158965 -80809.165138986 283734.196428494 69.4037245168035 49.8840728769242 81.9534043707056
6095900 276.85466816138 -36099.2390364311 64830.4337873941 2375.89813928794 67206.331926682 -82171.3163634516 283734.196428494 69.4037245168035 49.8840728769242 81.9534043707056
6096000 272.06470642118 -35964.6506871111 64853.7490194638 2334.79187490245 67188.5408943662 -81632.1845451671 283734.196428494 69.4037245168035 49.8840728769242 81.9534043707056
6096100 269.647795762494 -36024.6330799382 64834.0129782798 2314.0505466997 67148.0635249795 -81920.8673897516 283734.196428494 69.4037245168035 49.8840728769242 81.9534043707056
6096200 270.439926277068 -35797.2099429763 64785.5719310674 2320.8484144335 67106.4203455009 -81021.4399463331 283734.196428494 69.4037245168035 49.8840728769242 81.9534043707056
6096300 267.006741293526 -36025.6672774815 64839.3284088179 2291.38567187475 67130.7140806927 -81942.4963147424 283734.196428494 69.4037245168035 49.8840728769242 81.9534043707056
6096400 275.455970607482 -35908.2846815217 64848.2804693391 2363.89486357003 67212.1753329091 -81375.3091413518 283734.196428494 69.4037245168035 49.8840728769242 81.9534043707056
6096500 275.91465310478 -36106.4672255448 64872.0587248779 2367.83116307002 67239.889887948 -82167.6684479379 283734.196428494 69.4037245168035 49.8840728769242 81.9534043707056
6096600 274.486999070634 -35969.7888599266 64856.7930359031 2355.57939001595 67212.3724259191 -81629.6146299855 283734.196428494 69.4037245168035 49.8840728769242 81.9534043707056
6096700 272.930460894326 -35937.0390400056 64829.5136677337 2342.22156519984 67171.7352329335 -81534.7339779329 283734.196428494 69.4037245168035 49.8840728769242 81.9534043707056
6096800 274.559269313091 -36124.5046523732 64796.2872720964 2356.19959532337 67152.4868674198 -82329.7098395994 283734.196428494 69.4037245168035 49.8840728769242 81.9534043707056
6096900 275.108716582762 -35987.1467648482 64786.3601066266 2360.91481560236 67147.2749222289 -81766.5386620359 283734.196428494 69.4037245168035 49.8840728769242 81.9534043707056
6097000 276.232442982585 -36087.964955128 64816.3156561575 2370.55835703202 67186.8740131895 -82144.1224417075 283734.196428494 69.4037245168035 49.8840728769242 81.9534043707056
6097100 278.850081854338 -35772.5392531595 64862.7377440853 2393.0222850056 67255.7600290909 -80770.0136336369 283734.196428494 69.4037245168035 49.8840728769242 81.9534043707056
6097200 278.116598208243 -36178.1931080904 64864.7195790573 2386.7277101605 67251.4472892178 -82452.9107560851 283734.196428494 69.4037245168035 49.8840728769242 81.9534043707056
6097300 274.089952663426 -35855.1966205782 64792.6329837357 2352.17203616361 67144.8050198993 -81223.0025329721 283734.196428494 69.4037245168035 49.8840728769242 81.9534043707056
6097400 269.697115101738 -36046.1159150528 64811.0247593105 2314.4737930445 67125.498552355 -82032.3277372839 283734.196428494 69.4037245168035 49.8840728769242 81.9534043707056
6097500 272.911459046765 -35999.2336271116 64818.5228427231 2342.05849605398 67160.581338777 -81803.2473457586 283734.196428494 69.4037245168035 49.8840728769242 81.9534043707056
6097600 272.697984637039 -35789.5677843744 64857.1564303856 2340.22651158278 67197.3829419684 -80898.8543098712 283734.196428494 69.4037245168035 49.8840728769242 81.9534043707056
6097700 277.668438200914 -36113.2861103445 64852.2586121818 2382.88171206126 67235.1403242431 -82200.6343675144 283734.196428494 69.4037245168035 49.8840728769242 81.9534043707056
6097800 277.355443281691 -36047.3661260741 64881.0400381451 2380.1956672453 67261.2357053904 -81901.7639227237 283734.196428494 69.4037245168035 49.8840728769242 81.9534043707056
6097900 273.648716305953 -35981.5091740925 64831.6845921313 2348.38545511129 67180.0700472426 -81710.4153430883 283734.196428494 69.4037245168035 49.8840728769242 81.9534043707056
6098000 266.89555772367 -36027.4637137548 64841.5198299538 2290.43152203688 67131.9513519907 -81948.6926468382 283734.196428494 69.4037245168035 49.8840728769242 81.9534043707056
6098100 273.118531265826 -35968.4893080013 64790.1763424233 2343.83553851179 67134.0118809351 -81702.5976652043 283734.196428494 69.4037245168035 49.8840728769242 81.9534043707056
6098200 271.673980265476 -35950.1468995882 64832.4018552686 2331.43875988194 67163.8406151505 -81596.8685545307 283734.196428494 69.4037245168035 49.8840728769242 81.9534043707056
6098300 282.003761483457 -36130.8282798078 64832.1120527779 2420.08638189258 67252.1984346705 -82256.1652670015 283734.196428494 69.4037245168035 49.8840728769242 81.9534043707056
6098400 283.147455410461 -35825.793357131 64823.1231014323 2429.90127969124 67253.0243811235 -80993.1132844308 283734.196428494 69.4037245168035 49.8840728769242 81.9534043707056
6098500 271.182011026178 -36009.6547094714 64870.4360910584 2327.21680181275 67197.6528928712 -81809.2979409699 283734.196428494 69.4037245168035 49.8840728769242 81.9534043707056
6098600 275.971868555006 -35986.2939120807 64800.2011951364 2368.32217188209 67168.5233670185 -81741.7611361868 283734.196428494 69.4037245168035 49.8840728769242 81.9534043707056
6098700 275.571617559506 -36185.3284153209 64787.5439496209 2364.88731704735 67152.4312666682 -82581.4524817345 283734.196428494 69.4037245168035 49.8840728769242 81.9534043707056
6098800 270.37603672627 -35961.3095639811 64842.391260427 2320.30013014461 67162.6913905716 -81644.2085742668 283734.196428494 69.4037245168035 49.8840728769242 81.9534043707056
6098900 276.467544750678 -35864.9862483181 64807.778607466 2372.57594213205 67180.3545495981 -81227.9622109037 283734.196428494 69.4037245168035 49.8840728769242 81.9534043707056
6099000 274.342983544178 -36022.7671232657 64866.5857597746 2354.34348446446 67220.9292442391 -81840.2803936181 283734.196428494 69.4037245168035 49.8840728769242 81.9534043707056
6099100 279.361161375568 -35776.7555048236 64835.0086153193 2397.40824277754 67232.4168580969 -80810.8035368888 283734.196428494 69.4037245168035 49.8840728769242 81.9534043707056
6099200 269.863572693899 -36029.6251078251 64842.8118149181 2315.90229084123 67158.7141057594 -81930.8736816887 283734.196428494 69.4037245168035 49.8840728769242 81.9534043707056
6099300 271.286698131818 -35880.0746450811 64785.533911409 2328.11520060498 67113.649112014 -81357.1030151351 283734.196428494 69.4037245168035 49.8840728769242 81.9534043707056
6099400 272.987619456442 -35883.2475616636 64782.9005540002 2342.71208581225 67125.6126398125 -81358.2689280107 283734.196428494 69.4037245168035 49.8840728769242 81.9534043707056
6099500 269.421647800291 -35910.3430219218 64869.0386964834 2312.10980094247 67181.1484974259 -81414.8533322295 283734.196428494 69.4037245168035 49.8840728769242 81.9534043707056
6099600 276.563230388975 -36145.8314947894 64885.8699675413 2373.39709256269 67259.267060104 -82311.1795283701 283734.196428494 69.4037245168035 49.8840728769242 81.9534043707056
6099700 282.697205088685 -36030.9507682168 64863.3310119155 2426.03734303152 67289.368354947 -81805.7049783746 283734.196428494 69.4037245168035 49.8840728769242 81.9534043707056
6099800 271.02663304453 -35980.1323476761 64838.4945451627 2325.88338648718 67164.3779316499 -81720.4101892184 283734.196428494 69.4037245168035 49.8840728769242 81.9534043707056
6099900 275.31930506868 -35932.7994921699 64752.4325225572 2362.72203379077 67115.154556348 -81573.7715233498 283734.196428494 69.4037245168035 49.8840728769242 81.9534043707056
6100000 267.366632928417 -35994.6744360531 64818.9071526442 2294.47417268047 67113.3813253247 -81831.5815532659 283734.196428494 69.4037245168035 49.8840728769242 81.9534043707056
