# Fix print output for fix thermo_output
11000 76.4274134308195 -220.923698732125 2988.3134921306 1332.49345639099 805.086498242628 66474.1470266384 401.858867577655 1268.04006432325 445.670480063506 4320.80694852159 88086.7459562473 44.2797566579342 40.3245938237434 49.3327516299669
12000 78.6843206068531 76.2349346914271 2970.98907828469 1371.84208679399 820.690806717169 66470.0384218056 413.9825051035 1245.55613139234 439.446065577263 4342.83116507868 88078.4301634512 44.2783632100504 40.3233248416126 49.3311991684459
13000 77.4065604991966 -48.1884128314388 2967.05722409106 1349.56464855737 793.974594364472 66473.9772097855 390.957369497482 1259.19464193711 446.915246986334 4316.62187264842 88235.9104851422 44.3047367470786 40.3473426377485 49.3605823279306
14000 77.2576142095703 257.688251473765 2926.0685568341 1346.96780604535 789.897837303794 66471.7301268193 383.693888068854 1232.16436393921 441.363948691046 4273.03636287945 87856.8170122205 44.241195922687 40.2894774160714 49.2897905272371
15000 75.1406006279061 406.007764118888 2926.3919686872 1310.05818660347 799.511844632671 66470.7560027407 392.4607320418 1225.92071148746 434.356731641576 4236.45015529067 87773.7796404257 44.2272534241568 40.2767802914132 49.274256977168
16000 75.8557096591982 15.4548913759034 2927.96126271997 1322.52593949512 766.605119086384 66478.6388548515 367.668275699965 1254.49241220554 436.659448188378 4250.48720221508 87873.9047470537 44.2440639711173 40.2920892842642 49.2929858636964
17000 77.6998098121325 34.1625216246924 2937.17531417226 1354.67737935692 776.671268562108 66474.4807972774 373.732066270561 1251.24402734155 435.782955382588 4291.85269352918 87778.1198116098 44.2279823840199 40.2774441390174 49.275069122459
18000 77.9594588833129 99.1057567607953 2947.95383518406 1359.20429807332 791.595768529023 66474.9486209408 388.808383910437 1244.31069417213 441.428850405763 4307.15813325738 87791.2622808089 44.2301896003137 40.2794542020183 49.2775282157657
19000 76.1556224669409 79.3559880082542 2949.07163726061 1327.75484671395 799.557718800611 66472.4202996567 393.710103465986 1240.72204223174 444.991587094582 4276.82648397456 87847.5119162518 44.2396339755622 40.2880549854135 49.288050338144
20000 75.0697336299508 197.358708212449 2947.66563110742 1308.82263764518 809.224840286692 66469.9474940854 400.580443109138 1227.13826328937 443.477498890012 4256.4882687526 87892.5960985647 44.247200748854 40.2949458782857 49.2964805955712
21000 78.0466077545268 -1.47429158412573 2914.43527668226 1360.72371755138 774.771146266469 66475.7198623411 371.471405870281 1230.33470898244 440.991182667983 4275.15899423364 87961.3712465715 44.2587387491168 40.3054532796189 49.3093352574804
22000 75.7403348287048 -232.849665488081 2956.2988172312 1320.5144072482 788.878031487834 66476.691166365 386.790051772477 1263.20362548153 436.032461788015 4276.8132244794 88039.5721775793 44.2718507525564 40.3173940907891 49.323943540314
23000 77.7638075881287 -573.109427728818 2949.13162169098 1355.79316509283 757.94526434923 66482.3469535894 362.08981733791 1279.37599755024 436.91443769811 4304.92478678381 88222.5649316742 44.3025029587343 40.3453083761695 49.3580936302969
24000 77.1561534274927 -74.3112470144512 2970.31124347638 1345.19886186512 808.151377536992 66473.4457114085 403.089803279217 1254.18729900447 436.402699209065 4315.51010534149 87917.3127923861 44.2513480151828 40.2987227018911 49.3011011281844
25000 77.15375278603 -233.444487229066 2953.32199451476 1345.15700726221 780.533988015652 66469.0446753686 371.539715875377 1257.99541145459 450.349437472783 4298.47900177697 88010.2833272256 44.2669407808335 40.3129226882712 49.3184732659996
26000 76.6861368807841 -37.2503026973675 2933.7988050616 1337.0042371255 770.241757783072 66481.9861072754 373.926224091629 1244.04638634443 450.566118533076 4270.8030421871 87919.8532997758 44.2517742482353 40.2991108628931 49.3015760009232
27000 75.3042116125363 186.342344173973 2944.01434679158 1312.91070452377 795.418748062994 66482.264835976 399.558426344651 1237.82567005598 442.839164736139 4256.92505131535 87624.0844142767 44.2020964200105 40.2538703648323 49.2462291755043
28000 78.2457751926071 87.9904162144157 2910.91014439125 1364.1961536323 758.600603587077 66471.6136936228 351.313471530564 1245.10068184295 444.17258592689 4275.10629802355 87669.4853873603 44.2097292974439 40.2608214572826 49.2547330805629
29000 78.3263534031557 -262.807391087991 2917.98881757952 1365.60101523187 730.156721247204 66479.0324717121 330.502322131724 1270.54759724814 444.997228418292 4283.58983281139 87925.9916415078 44.2528040732448 40.300048701724 49.3027233446586
30000 77.274787980615 266.74709852713 2930.70705581066 1347.26722658716 778.173879297261 66468.2608688432 368.105403040929 1239.65276336243 443.637447746217 4277.97428239782 87683.2991343842 44.2120511617402 40.2629359276802 49.2573199049561
31000 77.3545266738413 233.448363030707 2918.73477068315 1348.6574514054 778.099342911085 66466.1735588205 365.510766291409 1246.0108175797 447.108241663135 4267.39222208855 87888.2844860842 44.2464772146351 40.2942869716949 49.2956744950726
32000 75.9557988092677 224.475351533197 2938.41809783969 1324.27096960325 788.856235748005 66467.4537868848 377.834743896179 1235.47611088739 452.309935080935 4262.68906744294 88162.2173606403 44.2923991253939 40.3361070388933 49.3468367956096
33000 76.6042183385259 234.326721411715 2958.82818936266 1335.57600716696 803.873775669636 66467.8606535711 394.026189748693 1242.63235992896 450.993017555462 4294.40419652961 88044.7971644336 44.2727265528981 40.3181916627658 49.3249192828206
34000 79.2904693780219 193.30457637563 2939.17619093612 1382.41014392067 784.160881281187 66464.9264676017 371.549981270349 1248.61116084961 443.37955227158 4321.5863348568 87820.481193725 44.2350959910558 40.2839223434154 49.2829945004554
35000 77.5446287985047 36.7287822427451 2937.0906409919 1351.97183594085 769.077025302672 66470.6127546409 362.343491353502 1251.5549956602 446.669877891749 4289.06247693275 87853.2467185237 44.2405966286391 40.2889316522523 49.2891228446061
36000 74.9969990415047 -241.37809500627 2947.49954090462 1307.55452769867 766.30400171054 66477.2116572206 364.883158313576 1265.65666353943 452.630978934434 4255.05406860329 87925.3278809529 44.2526927169435 40.2999472920058 49.3025992809067
37000 76.2301490475262 -60.4678746618971 2936.88754999597 1329.05419960971 772.892788241854 66466.8523778225 361.070464902557 1250.79024597185 448.152094997898 4265.94174960568 87699.3557977639 44.2147497170401 40.2653934422327 49.2603264065371
38000 76.8929180621314 93.8300271041282 2951.20470434247 1340.60941697762 803.444812101988 66471.3722564322 395.982191773364 1236.8618783016 447.368455445728 4291.81412132009 87746.4391086631 44.2226608521913 40.2725979378251 49.2691403227599
39000 78.5436879496866 -275.009521180643 2926.28456465127 1369.39019045186 758.906213621156 66475.3581768693 355.671409331451 1248.83413321504 448.815634468929 4295.67475510313 87932.8801604862 44.2539596978582 40.3011011034681 49.3040108436505
40000 75.710451479821 -48.8790040034125 2945.26837130725 1319.9933982927 786.47372280676 66474.7540220737 382.099910732621 1243.04893713999 444.075380814188 4265.26176959995 87714.259356856 44.2172541816972 40.2676742027349 49.2631166687747
41000 75.7192683142009 -442.569248719828 2949.69456186562 1320.14711766629 764.564643872925 66474.1668181289 359.820326468413 1271.30947015145 441.285608700738 4269.8416795319 87848.7145563517 44.2398358561239 40.2882388335692 49.2882752563541
42000 76.9839507625253 0.254890860233928 2957.65262734613 1342.19655007748 786.923028705144 66481.347250146 389.527143220796 1243.95485101684 443.842121795389 4299.84917742361 87822.5867852314 44.2354495164022 40.2842442911191 49.2833883684306
43000 78.5142615265839 -78.4669195815215 2944.65597485651 1368.87714788677 763.936893640824 66482.2663033085 367.597025209252 1251.73919806121 451.420319008272 4313.53312274328 87952.6961355781 44.2572837085369 40.3041282063831 49.3077141745983
44000 77.9243162873966 146.25169287109 2934.00388064602 1358.59159541865 773.492552896905 66477.1721334536 371.967466927294 1237.31261800435 450.670410970208 4292.59547606467 87937.7157854729 44.254770890935 40.3018398390388 49.3049146062175
45000 75.861458796272 1.6189611899515 2956.03221746585 1322.62617430861 753.293219794855 66484.4875333689 358.838810028828 1261.8564784828 463.885058802039 4278.65839177446 88075.3418743061 44.277845694066 40.3228535512642 49.3306225960009
46000 75.9592844623132 6.53802981450421 2972.52566631338 1324.33174112051 780.698357878181 66476.1138521656 378.4078120716 1263.16320746191 459.749409733853 4296.85740743388 88175.4920538028 44.294622067442 40.3381314229888 49.3493134092185
47000 80.0328131767438 194.600065662177 2922.02262448425 1395.35272839116 770.098023176928 66464.8123285672 357.16136831035 1239.20854007708 438.328311124663 4317.37535287541 87955.0735600667 44.2576824736561 40.3044913529463 49.3081584448942
48000 77.8028131830745 361.020644012326 2927.78413193123 1356.47321820067 785.093602943242 66472.3480221413 380.573526806358 1239.06360940433 429.526303678941 4284.2573501319 87626.4360596991 44.2024918467878 40.2542304712405 49.2466697265023
49000 75.6289481679349 63.8866776388331 2945.27770043611 1318.5724077752 769.675015748622 66470.3030520312 362.610822922259 1262.40897138095 444.628675264991 4263.85010821131 87736.5745413307 44.221003600652 40.2710887155463 49.2672939535654
50000 77.0613913626701 22.6632405315639 2930.1155411818 1343.54670819902 755.214639409256 66471.2894687553 347.827932449101 1259.67870774329 445.834905914894 4273.66224938082 87687.3906156009 44.2127388258119 40.2635621681205 49.2580860419769
51000 78.2919546233303 215.26701578045 2931.40716211767 1365.00128083072 777.8781179289 66474.3068837455 373.132688134225 1243.17404203333 438.978691783231 4296.40844294839 87590.3463688261 44.1964226231049 40.2487033636333 49.2399079119139
52000 77.0041570247103 -285.767424902859 2941.80549402379 1342.5488413684 745.169162363129 66473.3239715688 340.187417042252 1270.54482326232 453.253932270159 4284.35433539219 87895.7136335707 44.2477238894926 40.2954222908784 49.2970634345283
53000 77.5973457280232 -208.96624984445 2909.87454231844 1352.89094284859 735.272021144344 66473.5593033518 330.60522424012 1248.22726399652 454.358455856951 4262.76548516703 87776.1610539453 44.2276534009587 40.2771445414268 49.2747025974174
54000 76.4702396493715 -46.8284341881338 2918.72380917326 1333.24012114674 774.178680803817 66464.933297405 360.966082381361 1236.15045300999 448.614170542669 4251.96393032 87655.9370936582 44.2074518145726 40.2587474040644 49.2521957021916
55000 76.1018038670008 -145.459159071597 2920.97474636709 1326.81653244904 758.532633171463 66471.9372675815 352.091762623764 1241.11407159091 454.864795207081 4247.79127881613 87835.5564004081 44.2376269688425 40.2862272488361 49.2858143013743
56000 76.5926006027359 -215.768830005105 2920.3335666108 1335.37345475516 755.646747506755 66468.4451583879 345.003185121037 1248.44978577867 453.826859055738 4255.70702136596 87707.9794117988 44.2161989045739 40.2667131852263 49.2619409684507
57000 76.4950264517522 134.831409641304 2937.17646377193 1333.67227304741 786.462085565925 66475.025585545 383.397653928521 1223.04352295746 447.280216633633 4270.84873681934 87661.8594584794 44.2084473993938 40.2596540611139 49.2533048984114
58000 77.7445262550611 -385.247760920349 2946.24602278689 1355.45699971722 754.203570850178 66472.2459816484 348.748651442453 1263.71091269481 453.702247424736 4301.70302250411 87984.298580659 44.2625837958073 40.3089548784902 49.3136190825896
59000 77.146433251614 191.294217011137 2958.64738412785 1345.02939295112 801.280120858166 66466.1581220606 389.48366840776 1239.07899356738 440.243278330975 4303.67677707897 87580.5889796827 44.1947814311761 40.2472087664878 49.2380794349781
60000 76.7740659311859 -306.636841871907 2944.7181866881 1338.53725883889 742.177228012221 66471.0725890661 334.966768510043 1275.97139901424 447.8901551863 4283.25544552699 87919.9168709052 44.2517849137626 40.2991205757505 49.3015878835497
61000 75.6199106394511 101.934573970127 2953.04105299037 1318.41484065333 766.335707009011 66474.4455396323 362.581711328341 1250.06333094489 454.161217870924 4271.4558936437 87744.3321519391 44.2223068929916 40.2722755950179 49.2687459714205
62000 78.7441788791925 465.600201464426 2916.98246762618 1372.88570128547 780.517358056332 66462.8162557207 365.24050983692 1226.72914211741 448.452525127671 4289.86816891165 87422.4898037789 44.168172159274 40.2229762918221 49.2084336396778
63000 76.4554513842048 85.9086821840298 2940.30145985067 1332.98229132258 759.046858447593 66472.2450988465 353.775560219874 1257.19855483632 455.450166536148 4273.28375117325 87680.7033277829 44.2116148678365 40.2625386044816 49.2568338232698
64000 75.9568651016071 -18.3391251270187 2943.71866402439 1324.28956015212 757.814993961069 66472.7715831307 352.808529389222 1260.37085232013 447.947994844704 4268.00822417651 87818.6782163401 44.2347932696322 40.2836466617168 49.2826572339037
65000 79.1177673481361 -11.7923098232832 2906.1938152362 1379.39912582654 738.901840395583 66469.4371406061 329.809681851286 1257.7038960348 446.731685033429 4285.59294106274 87721.0055005427 44.2183877423654 40.2687065113315 49.2643795859873
66000 76.306704849027 602.471047142367 2933.9182487417 1330.38893148103 791.443877612251 66471.8994913681 385.141455131117 1215.40519325705 453.09173086717 4264.30718022273 87608.3078529914 44.1994434243782 40.2514543404581 49.2432734326432
67000 76.9410605974203 -251.586820203848 2923.30341204158 1341.44877042904 721.753240302343 66474.1678071412 317.616802371194 1257.79082218822 467.025646593426 4264.75218247063 88106.6167389144 44.2830859793473 40.3276257630243 49.3364608776845
68000 76.0495802405582 210.160281087672 2951.91377344978 1325.90602616104 780.719930091611 66471.3273718179 373.300499860008 1245.49837081774 456.976616719825 4277.81979961082 87709.065224966 44.2163813673828 40.2668793500659 49.2621442530462
69000 77.4116449140949 -205.085876950188 2937.72827374777 1349.6532941006 753.561986254378 66469.2559816174 343.876353437387 1270.95396218512 453.875493769124 4287.38156784837 87792.5138564392 44.2303997851057 40.2796456126518 49.2777623858448
70000 77.9185799209912 -181.561895822174 2921.89187219397 1358.49158325867 738.647622133258 66468.5933657204 328.9309676884 1250.26149760509 460.270782494897 4280.38345545264 87828.3883286007 44.2364235567468 40.2851313280902 49.2844735616206
71000 75.64866572896 -419.738775602201 2943.5642768665 1318.91617867968 741.012647045041 66473.6964041473 337.082869498001 1280.06307100679 453.792754669985 4262.48045554618 87808.4029995877 44.2330679729704 40.2820754722535 49.2807350546025
72000 77.6166051909676 24.860396024468 2925.95179905593 1353.22672692389 762.984694930879 66472.9219090132 358.105472383337 1225.73181559116 455.278711129384 4279.17852597982 87598.7896263563 44.1978426798577 40.2499965778712 49.2414900187805
73000 77.0802937108605 -479.784996130792 2935.76962002418 1343.87626606502 721.179454802137 66472.0845061653 314.884323387305 1271.16626077601 473.101074358828 4279.64588608919 87657.4497926655 44.2077061125552 40.2589789876056 49.2524790194481
74000 77.0594438367855 234.65077976763 2919.35148098174 1343.51275355655 770.130151802917 66469.2767323835 360.732028424289 1217.08508186753 454.095201733284 4262.8642345383 87380.5732430043 44.1611119094852 40.2165466786872 49.200567707803
75000 75.9951694992932 -79.4769616339433 2920.68984510843 1324.95738805544 754.212307993705 66473.2557904276 348.889717580489 1239.72012853033 458.811646107295 4245.64723316387 87715.3224885159 44.2174328245371 40.2678368888117 49.2633156974835
76000 76.9123689896604 121.300499395413 2924.24304933663 1340.94853919162 754.931385275755 66473.0729592673 349.250462908953 1239.41306954909 448.886192748758 4265.19158852825 87687.6509751157 44.2127825842734 40.263602017982 49.2581347939451
77000 77.3459769106378 -261.667184008048 2932.23214565912 1348.50838835314 718.23936709231 66468.4662247523 307.640343199484 1271.75171267012 460.325022227318 4280.74053401225 87831.7507506961 44.2369880653023 40.2856454135306 49.2851024892045
78000 75.6528435564174 322.789895966012 2958.44326586364 1318.98901809029 792.932668172809 66465.0319305699 379.169812968117 1243.03694077783 454.735260540813 4277.43228395393 87670.6243108693 44.2099207410305 40.2609958007157 49.25494637078
79000 78.7947592489503 270.171774955595 2918.95880574129 1373.76755779086 755.284180489939 66471.1129754631 348.972880946152 1224.65768158669 461.520297397456 4292.72636353215 87699.3632080439 44.2147509623699 40.2653945763254 49.2603277939774
80000 76.1939566955092 297.626269098103 2943.39331751643 1328.42319471148 765.292595027835 66478.67630294 367.399373731358 1231.39664886241 459.287146520593 4271.81651222791 87771.964563306 44.2269485630726 40.2765026611726 49.2739173267885
81000 75.9156006007097 159.746324714639 2944.6224022588 1323.57012356571 752.549613414135 66475.284554721 349.817624513758 1243.79396810979 468.096123882759 4268.19252582451 87790.4462637044 44.2300525604689 40.2793294028641 49.2773755375866
82000 76.2654983666168 -91.4499636665989 2978.59727219288 1329.6705064329 773.078038955827 66466.7024283693 361.58893991237 1271.28948079415 456.306395326596 4308.26777862578 87793.4066312443 44.2305497130472 40.279782148708 49.2779294228498
83000 78.0688296794258 -14.8593849830808 2960.5934540578 1361.1111514339 765.542520941567 66474.161607256 361.864915565166 1252.60567813163 454.261216945168 4321.7046054917 87683.5093106342 44.2120864870374 40.2629680976445 49.2573592614085
84000 77.408134959079 -173.703778113404 2945.40463370382 1349.59209888437 739.123961597798 66477.4325370509 339.10309701298 1250.71065262267 455.470292465512 4294.99673258819 87583.6844271196 44.195302098342 40.2476829265462 49.2386595182018
85000 76.9404685242748 219.082414888244 2933.81040032633 1341.43844777704 772.106084574133 66474.610075657 369.270688144796 1223.34005246971 451.691547798319 4275.24884810337 87517.0892139997 44.1840977975246 40.2374794179083 49.2261766359294
86000 75.7128294616296 -122.638854604069 2947.37195128309 1320.03485783002 765.645731950386 66469.5015941165 358.278833519624 1237.11056698606 463.831046332714 4267.40680911311 87879.4503374529 44.2449946770569 40.2929368575516 49.2940227773664
87000 78.0746311422126 -308.610639239557 2936.46486365458 1361.21229853353 748.289231900663 66474.510673269 346.109895567221 1249.61699198324 455.65066096449 4297.67716218811 87786.0865679082 44.2293203898109 40.2786626312605 49.2765598151003
88000 77.9788026865284 85.1027149548365 2947.33140506089 1359.54155260084 775.325311198244 66476.0956827661 373.299379368065 1231.9331686022 452.914911477035 4306.87295766173 87424.6456094722 44.1685352131227 40.2233069169234 49.2088381235039
89000 77.486264748658 -422.747776636334 2939.18486760044 1350.9542728569 728.823127417285 66476.3405846286 326.141818602366 1264.31570635124 464.127954240675 4290.13914045734 87626.000958363 44.2024186854754 40.2541638448535 49.2465882163704
90000 77.3649149566752 -10.7722526630809 2917.88127826498 1348.83856860246 731.45405487723 66478.5845507465 331.347094380835 1233.6694067236 462.878859220903 4266.71984686743 87425.3367040038 44.1686515973623 40.223412905473 49.208967788959
91000 77.0328521731171 218.97835026123 2911.50981708958 1343.04913433614 756.271509706317 66478.7881118292 357.085072631526 1216.18813558236 447.237281552387 4254.55895142572 87297.60770263 44.1471308815684 40.2038144661706 49.1849912315588
92000 77.1967360508735 12.4838793371359 2905.25713358262 1345.90641008205 728.648574194763 66473.387413756 324.951201269185 1236.11399874542 453.062972425105 4251.16354366467 87566.5727200037 44.1924236842968 40.2450616186173 49.2354526332527
93000 76.6136830864521 104.614114991477 2945.12518940502 1335.74102275641 750.508441440644 66480.0659213699 353.423203074432 1246.2380577253 459.967540470846 4280.86621216144 87604.6737926117 44.1988322735591 40.2508977789418 49.2425925402042
94000 78.1934581756562 12.3988525967278 2943.39110417067 1363.28401910339 741.890829389364 66479.7043869316 343.686901029752 1265.09480460838 462.928873446871 4306.67512327407 87587.3353899105 44.1959161897395 40.248242165983 49.2393436867852
95000 77.3675717143322 205.488422375351 2950.43758124298 1348.88488852923 758.083418378885 66474.7822862517 354.357933945299 1248.70325826718 449.128551979182 4299.3224697722 87575.0130135059 44.1938434994597 40.2463546128443 49.2370344709606
96000 75.5733518766764 177.352474180698 2961.67603195383 1317.60309989239 763.750314966508 66474.4370162316 360.482604938559 1254.88871076152 449.632461032331 4279.27913184622 87729.3248756997 44.2197855745244 40.2699794861244 49.2659369320967
97000 76.2779609253999 130.446733505702 2955.88990924934 1329.88778812912 748.983179461507 66469.8740783365 341.060493059616 1255.10942084478 473.168342033276 4285.77769737846 87720.4467533625 44.218293857775 40.2686210127143 49.2642749877354
98000 77.6817369427117 207.732750049293 2958.21477811504 1354.36228325252 768.255702368885 66472.0550248868 362.721351804008 1244.61283495236 463.660196144097 4312.57706136756 87515.7900942922 44.1838791708287 40.2372803194174 49.2259330605954
99000 78.1557769218316 2.8599018110908 2954.94039732717 1362.62705556249 757.877610971902 66476.0326607336 356.159859719031 1257.31897808873 462.20683813507 4317.56745288965 87492.1157890704 44.1798946823308 40.233651733978 49.221493881244
100000 76.7372793051786 40.2888438992104 2941.12866834395 1337.89589291746 755.29928091799 66468.598419615 345.739504799843 1249.41550979774 460.301413089088 4279.02456126141 87391.001753554 44.1628686550427 40.218146507964 49.202524924799
101000 75.7500725527971 -150.105275171649 2945.98694721801 1320.68418211104 739.829815020169 66474.3193227146 335.290031295619 1254.03118183607 461.750828081681 4266.67112932906 87591.7452144875 44.1966578988227 40.2489176240198 49.2401700361767
102000 77.4363748238029 -233.451799402035 2948.30528093438 1350.08445409129 738.620199210436 66471.9102464425 331.558758921441 1263.33553238922 453.137938616353 4298.38973502567 87671.8263280642 44.2101227883429 40.2611798007287 49.2551714747696
103000 77.4351424903141 -46.5275482917984 2960.60643710649 1350.06296865516 764.224889050405 66470.5119934758 356.284947355758 1242.92281561171 469.235214900889 4310.66940576164 87565.7423113037 44.1922839890997 40.2449344012937 49.2352969967038
104000 77.8376868445493 -73.0218394753625 2948.16891153259 1357.08123204845 757.636717211937 66471.2444805156 351.083749807382 1242.7684983952 467.647664541328 4305.25014358103 87569.0703166041 44.1928438362434 40.2454442416899 49.2359207309379
105000 76.2647319012486 -224.578469818111 2944.35644246475 1329.6571432947 742.341845960606 66468.3453314006 333.51475216118 1250.79817034318 462.933996303627 4274.01358575945 87580.2599980651 44.1947260943751 40.2471583724886 49.2380177834046
106000 76.0674838181609 -182.261739699849 2949.77190907925 1326.21817070357 729.091017668564 66472.1388156646 324.316669405714 1262.62665416874 465.355735870805 4275.99007978282 87510.2717057736 44.1829504662816 40.2364345687528 49.224898376708
107000 77.2859002810116 -11.6280797831031 2944.83226002085 1347.4609668552 738.181813546661 66468.5098047322 329.36064289861 1254.24788881659 470.186761060188 4292.29322687605 87398.6711104216 44.1641605153244 40.219322976515 49.2039642060244
108000 76.3580796494758 82.9481233517942 2963.05336074643 1331.28463869325 762.080377933444 66471.0570641935 355.142587839378 1252.74344929733 464.430971244057 4294.33799943968 87542.1818702548 44.1883201745255 40.2413246431399 49.2308808504866
109000 77.2062105325284 42.9900325461493 2967.95693155233 1346.07159537671 752.534966370399 66477.3030247371 352.082936028484 1248.41399248685 471.039825140516 4314.02852692904 87638.4348107747 44.2045093144 40.256067734319 49.2489174179117
110000 79.2313180709359 314.890962768624 2940.91349533288 1381.37885519729 762.701949182568 66476.0482335133 360.819936457061 1227.21478702296 471.145520517204 4322.29235053016 87439.5425782575 44.1710438113054 40.2255914417362 49.2116329909648
111000 77.0150212109255 100.397756411651 2947.41973856014 1342.73825582574 743.062356027172 66473.3329581194 338.223586432083 1254.39980688823 461.453666764788 4290.15799438588 87510.1611270577 44.1829318562908 40.2364176210468 49.2248776430341
112000 75.7480771315521 55.6886204659166 2965.64026483764 1320.64939242457 759.590447586735 66471.1234136225 352.391994254067 1256.75927540484 457.632228287253 4286.2896572622 87608.3038026198 44.1994427432237 40.251453720147 49.2432726737598
113000 76.9036469938384 283.840539048548 2969.64927500905 1340.79647330534 769.926583473809 66470.6495740061 362.935561506165 1259.88330483069 458.883855898772 4310.44574831439 87470.2332261242 44.1762111125669 40.2302971885666 49.2173899600403
114000 77.4829492153677 299.547263933813 2962.24715510581 1350.8964673364 763.312120391068 66471.7680437129 357.579923685116 1241.50820074656 469.698557500707 4313.14362244221 87419.6175029133 44.1676884329888 40.2225357730074 49.2078947128531
115000 76.1437902414478 -229.355826375037 2968.64163627704 1327.54855472608 747.580015994325 66475.1314333927 344.647840881677 1267.29000067778 470.925154741871 4296.19019100312 87866.1722274514 44.2427661716235 40.2909074070034 49.2915399655048
116000 77.7917879958531 194.63649502551 2953.40966259748 1356.28099672976 762.853048472738 66472.2046482272 357.867698519767 1235.01801761439 465.301704165289 4309.69065932724 87592.8142566657 44.1968377022925 40.2490813670586 49.2403703579625
117000 77.6648341360605 -356.26736755125 2966.51489433707 1354.06758690934 740.162162424494 66469.3855132088 332.778175541098 1277.31106872452 463.131491158055 4320.58248124641 87572.3760742333 44.1933999267737 40.2459506610224 49.2365402798718
118000 74.2202192028941 0.934004303324852 3003.56342685247 1294.01155920685 783.843572484818 66469.6142528118 375.835739338145 1257.17244352814 467.836229188308 4297.57498605932 87490.569765883 44.1796344549059 40.2334147506253 49.2212039579048
119000 75.88382383889 -282.556939160833 2962.90026469831 1323.01610341392 745.318443667578 66471.2684205676 338.671828757011 1266.73985902151 463.579041805921 4285.91636811223 87668.8983243684 44.209630616382 40.2607315906235 49.254623138488
120000 77.7464755262612 -7.21175105781077 2955.49040801139 1355.49098478884 762.726190740942 66472.8294450754 357.650560826311 1236.16464466596 464.515104335517 4310.98139280023 87761.4574797509 44.2251837064914 40.2748954453667 49.271951073178
121000 77.0289777790727 -113.526764125521 2972.89923777594 1342.98158521365 751.524155365299 66472.1736325649 345.730124866343 1258.04037781014 475.946927782326 4315.88082298959 87715.493794722 44.2174616097609 40.2678631028785 49.2633477675408
122000 76.3258188461067 -183.986182305686 2964.32220022117 1330.72217939419 725.071610914937 66481.1779165003 328.731450269377 1265.91802844077 475.508990237745 4295.04437961536 87578.2304010022 44.1943847001721 40.2468474723484 49.2376374309204
123000 75.6639856058401 18.4461700972154 2952.66102701623 1319.1832770254 756.545131756838 66473.5364006136 352.325484613248 1236.58824186373 465.135120009767 4271.84430404164 87584.4107627769 44.1954242692516 40.2477941848879 49.2387956306727
124000 76.9869007980393 -255.020758292084 2945.34995994781 1342.2479832327 714.479876357035 66473.9375668329 310.641527367858 1267.86738499955 469.68688361529 4287.59794318051 87656.3943733397 44.2075286876098 40.2588174106375 49.2522813476132
125000 77.6704908144092 13.6571597923745 2940.56652467263 1354.16620972733 724.203238688405 66475.2081547613 322.447893947305 1249.53577790244 470.97190635391 4294.73273439996 87427.4531411111 44.1690080135627 40.2237374858142 49.2093648776775
126000 76.3936003991956 415.796670376081 2959.35469500264 1331.90393436797 772.44755615928 66470.6511774281 366.331623939259 1241.40104760034 462.275186839141 4291.25862937061 87153.8863537773 44.1228905444241 40.1817393279301 49.1579847025698
127000 78.0190169330356 -128.765909085163 2940.5142929143 1360.24267825614 724.393863729779 66467.0275772317 314.250019844607 1268.08895611969 466.365833334574 4300.75697117045 87518.5615818066 44.1843455772403 40.2377050654083 49.2264526910851
128000 77.2726370974076 -5.87086513720415 2955.83961540875 1347.22972645899 736.77617301682 66470.9833430936 330.560516905287 1258.214281665 473.015243270749 4303.06934186774 87480.3197655256 44.1779090919879 40.2318435008231 49.2192817047854
129000 77.2310275236823 34.4486099407583 2947.0643860117 1346.50427361133 735.483715362912 66478.6851123081 336.706751442922 1254.83100190671 464.430471415095 4293.56865962303 87350.1199963237 44.1559810760614 40.2118741423097 49.1948513681017
130000 75.6951617636641 339.019334253713 2945.49151922399 1319.72682579189 765.113284878649 66474.4416306516 362.534302923043 1228.01258912148 461.336639975396 4265.21834501587 87343.0628279131 44.1547918978167 40.210791184016 49.1935264864981
131000 76.7275336360784 15.3258044799158 2932.87756221452 1337.72597953532 728.908614582597 66473.1320780113 324.939796623134 1243.67988125799 466.730142591286 4270.60354174984 87480.1609906346 44.177882364655 40.2318191608326 49.2192519274562
132000 75.8125736716792 143.592228324915 2977.36782249507 1321.77387399239 766.440823511409 66469.6549676612 358.870049437843 1234.89273792417 484.293516754931 4299.14169648746 87533.9003289832 44.1869267169967 40.2400556522253 49.2293283782184
133000 77.4920560362337 92.5366683991652 2966.74728172011 1351.05524255419 767.078492094327 66469.9142282731 359.946322390431 1239.45609937044 475.076166278451 4317.80252427429 87435.6083993223 44.1703813368266 40.2249881408977 49.2108949180514
134000 77.8621370514042 75.0752661243635 2968.50827919169 1357.50751548758 772.211840990637 66468.4533114625 362.534990450353 1247.761295595 461.263872619558 4326.01579467928 87366.7675025476 44.1587860341481 40.2144285555232 49.1979764146472
135000 76.0783715758096 -380.249595088174 2982.60206632543 1326.40799612314 734.477496730464 66470.1526697929 325.820376502787 1280.81178771189 482.527386454093 4309.01006244857 87815.9629824697 44.234337371756 40.2832314856163 49.2821493111315
136000 75.4998455604021 -521.836756246567 2982.88879012856 1316.32153505796 732.479670265941 66468.5743998758 323.013194461455 1290.36199042992 475.552646832174 4299.21032518653 87674.0072465712 44.2104893746598 40.261513642769 49.2555798941691
137000 77.6787163129788 -60.730202616757 2982.55872145873 1354.30961930418 750.256754784843 66467.3628148234 340.525492332308 1257.39794315954 480.240141518693 4336.86834076291 87423.6494490127 44.1683674529724 40.2231541414682 49.2086512193608
138000 77.4445399356745 -259.187915028543 2997.40731288034 1350.22681084067 747.053129154418 66475.6300091785 345.328147792345 1266.72253681153 481.88127057457 4347.63412372101 87613.4560655195 44.2003091857692 40.2522427701848 49.2442379906001
139000 78.0231185067236 -3.98291969117874 2975.12130528098 1360.31418820074 745.718036614992 66480.2695927002 348.360042370303 1245.83898426431 477.584851012806 4335.43549348172 87402.7840463696 44.1648532852566 40.2199538667502 49.2047360315599
140000 77.2778879043824 -53.0762693631007 2965.38000370265 1347.32127300781 730.005996363688 66473.8428773215 326.093006933253 1265.50550744749 472.255359699573 4312.70127671046 87327.5394377913 44.152175881352 40.2084088357523 49.1906119426907
141000 77.632609098802 -172.00370129037 2944.5907926365 1353.50575118376 708.382446646471 66471.0220574426 301.481351399212 1269.16130701214 470.567671957426 4298.09654382026 87297.5347655614 44.1471185866041 40.2038032694182 49.1849775335489
142000 75.3888411286925 259.504299815867 2971.43677094886 1314.38619965613 758.652664832461 66468.0701179694 348.909696629707 1259.59770671604 462.303999723784 4285.82297060498 87135.9779001616 44.1198682012275 40.178986946909 49.154617463958
143000 78.4846075663491 144.947749338829 2940.91383432101 1368.36013826686 721.804188487587 66477.1086270447 321.107734339443 1245.27073907594 476.214358321169 4309.27397258787 87264.8031707973 44.1416003466549 40.1987779304965 49.1788295783342
144000 77.182685718863 88.6543524501659 2968.46798028164 1345.66144594388 740.432576777774 66469.4548518039 331.969327692408 1261.2349856232 481.366208879279 4314.12942622552 87348.6536978434 44.1557340006135 40.2116491361703 49.1945760975786
145000 75.9625201756689 421.928858056121 2968.86358601744 1324.38815499976 766.36757099183 66480.793218968 369.434070237505 1235.14759716059 465.023099761497 4293.2517410172 87348.8436521437 44.1557660086072 40.2116782851413 49.1946117581723
146000 75.4538155272133 -131.003621535535 2945.92545890227 1315.51901256939 717.995276130484 66477.153260756 316.417126438828 1258.00981626047 473.340467243181 4261.44447147167 87501.1393662575 44.1814134743642 40.2350348642492 49.22318599059
147000 76.4914365669822 156.52814638983 2943.40271765934 1333.60968427526 738.811301467323 66464.8902195358 325.819243592196 1248.97535104176 468.175112835812 4277.0124019346 87252.3954029382 44.1395081526644 40.1968726157607 49.1764986331285
148000 76.4961265987432 -156.722645832407 2976.39423010692 1333.69145384394 739.632588623762 66467.6191012982 329.64000472585 1279.09468051166 466.044829114543 4310.08568395086 87479.6293189152 44.1777928655886 40.2317376560148 49.219152215182
149000 77.4899355428951 -323.78220024288 2967.78217207252 1351.01827226603 723.941403593798 66469.2438225945 315.657344126361 1264.56801671043 479.497102525974 4318.80044433855 87689.6444925534 44.2131176306347 40.2639071372842 49.2585080742005
150000 75.4877956257996 368.851829131266 2991.73902059896 1316.11144736446 784.201682908044 66467.6222829386 374.611219679195 1230.26941956642 475.406000941271 4307.85046796343 87450.4373193056 44.1728782677569 40.2272620406024 49.2136767868488
151000 78.3545665592892 -327.38401891371 2948.81774067681 1366.09290478098 718.05746637785 66470.1551509374 310.145821151658 1257.70684270786 481.348732769421 4314.91064545778 87646.5063552865 44.2058663586859 40.2573035644981 49.2504293216273
152000 76.69989546599 -230.494077503622 2958.02367899407 1337.24411472875 727.755692420887 66470.7914827659 320.516936677624 1258.26701013655 479.109870318036 4295.26779372282 87691.197677165 44.2133786676472 40.264144857911 49.258798899514
153000 75.9308181002708 -164.436899822704 2963.18333940142 1323.83543698765 735.628063284392 66467.9569332259 325.457611975886 1259.41464277576 476.84421395152 4287.01877638908 87706.7131152178 44.2159861109709 40.2665193988048 49.2617038918531
154000 76.847874524768 10.4839793990136 2960.05789539199 1339.82409380501 757.207725338517 66466.8988688593 345.134245312656 1250.29350664668 465.811773453834 4299.88198919701 87523.879562824 44.1852404988349 40.2385200506865 49.2274497368691
155000 77.6738956749955 10.4263677871149 2968.33628861881 1354.22557264762 757.203680285072 66468.5089570366 345.993885050353 1242.4347717413 470.479433150079 4322.56186126643 87666.0573593984 44.2091530644001 40.2602966946083 49.2540910905462
156000 77.6219369674723 233.137316212951 2968.49274229779 1353.31968515687 762.468317588836 66467.3822964821 350.904600657421 1242.95756514384 478.392964919174 4321.81242745466 87496.1880958798 44.1805801204537 40.2342759472976 49.2222575382993
157000 76.3107910323046 117.936688853349 2958.22612768901 1330.46017309755 733.060657892513 66471.9203050659 327.038576499312 1240.69896596559 478.917041647867 4288.68630078655 87479.9528291386 44.1778473237905 40.2317872498941 49.2192128878945
158000 77.5340477777415 55.3646371453427 2935.95022927043 1351.78735840464 719.248281974391 66473.3028716999 314.82245991996 1244.37776969472 470.655789388101 4287.73758767507 87643.7619504844 44.2054049595831 40.256883378553 49.2499152698556
159000 76.7686925564014 199.258569168277 2941.48815652321 1338.44357534997 738.786009284064 66474.2524474518 335.06078320503 1243.00844238082 466.724520935647 4279.93173187317 87383.4775009763 44.1616011633155 40.2169922313168 49.201112792949
160000 77.0856518248185 229.272673910433 2932.57030750041 1343.96968348512 722.921487194453 66471.443491824 315.868067113464 1245.3695605619 472.804794563578 4276.53999098553 87241.6282089084 44.1376924309786 40.1952190782306 49.1744757099296
161000 77.3437247433249 216.008749876371 2927.43300713641 1348.4691223611 721.763147013262 66471.7750101941 315.025032237274 1238.35849878412 475.66799512278 4275.90212949751 87460.5199138621 44.1745758392431 40.2288079813627 49.2155680771083
162000 76.199406061162 183.628974008104 2958.14778618205 1328.51820308279 740.723397679113 66472.0983735695 334.375171713284 1250.51658211467 477.042532755698 4286.66598926484 87606.0426887893 44.1990624869147 40.2511074291462 49.242849024408
163000 77.8288842423718 -6.53180241589327 2969.92570361544 1356.92776080987 734.547964708874 66475.5816469022 330.974253852401 1266.61933240581 479.586513378977 4326.85346442531 87534.898153077 44.1870946161859 40.2402085542991 49.229515437262
164000 77.851970492409 69.9506945501181 2968.94063551731 1357.33026399199 743.544967624248 66472.6235722482 337.067233389389 1260.44359423225 472.068600107286 4326.2708995093 87328.9345713993 44.1524110032727 40.2086229560796 49.1908738956044
165000 77.0491140816661 -285.050432452881 2952.93621825107 1343.33265677603 711.07227056636 66466.9633856838 299.586441234002 1282.01577919286 467.210638907918 4296.26887502709 87336.7717203975 44.1537317517534 40.2098257324735 49.1923453616122
166000 76.6682804552246 -109.719635802189 2946.17815582793 1336.69291466744 723.379139092494 66468.485084693 314.194721949476 1259.71401205294 467.4569640461 4282.87107049537 87247.5395984745 44.1386893144123 40.196126917898 49.175586352953
167000 76.4023194263977 -246.446719744406 2953.94786992478 1332.05594849708 713.930889299091 66469.3405434937 304.707408395392 1260.43374037928 483.900776510008 4286.00381842187 87403.2511765193 44.1649319658083 40.2200255193872 49.2048236907599
168000 77.9892298109911 81.0907000260199 2953.15921785469 1359.7233469923 743.492161534013 66469.9577964129 335.328720090722 1241.77395584743 475.198157657998 4312.88256484699 87268.4299312527 44.1422118524284 40.1993348152634 49.179510866233
169000 78.3706191278567 39.6397133464199 2973.72591396586 1366.37277742895 743.699289503144 66474.2506522163 340.841843392351 1243.66242642485 478.295690842183 4340.09869139481 87353.6082111568 44.1565688390325 40.2124094050317 49.1955062037811
170000 77.8440326161585 -212.681879371577 2968.86739980413 1357.19186904067 719.248270320655 66473.3096369025 315.154564330587 1269.54762148256 478.327141569867 4326.0592688448 87566.4326871033 44.1924001273772 40.2450401658518 49.2354263881249
171000 77.0799584564171 16.1064927338738 2964.30037148662 1343.87042098493 726.980902584299 66473.853484876 323.314607709501 1253.97690425768 475.027741656187 4308.17079247155 87420.2197330919 44.167789855892 40.2226281365988 49.2080077096506
172000 76.4828179187113 -119.964244433441 2969.34630495247 1333.45942022852 718.128906493786 66476.707299128 317.187768034288 1267.68577053839 486.234262326375 4302.805725181 87570.3988538781 44.1930673228521 40.2456477659959 49.2361697207699
173000 77.5297979830073 -204.502474385454 2955.32262250318 1351.71326426197 695.689790080024 66467.6670531827 284.785943564566 1267.80055394826 491.636873285742 4307.03588676515 87430.5930845035 44.1695367815867 40.2242190231436 49.2099539861867
174000 76.4017625461764 236.620852817093 2946.49437452292 1332.0462394252 726.305736902354 66470.6131842775 317.971179765664 1246.95446614286 479.632658871852 4278.54061394812 87143.2842260735 44.1211013127194 40.1801099142376 49.155991292259
175000 75.201698189172 224.780243808804 2944.10469358733 1311.12340779746 736.29643317486 66472.6461340536 329.799594431242 1239.41855665455 473.803685775984 4255.22810138479 87479.4132899088 44.1777565001991 40.23170453886 49.2191116999451
176000 76.443193074266 -141.614876080942 2952.94625561977 1332.76857065552 698.757087876137 66472.5161424726 292.628562050159 1265.27076487315 483.001905549332 4285.71482627529 87574.2193437618 44.1937099932582 40.2462330317026 49.2368857296623
177000 77.1917507301091 319.555037590817 2963.82534390935 1345.81949222106 738.790585497989 66473.145349328 333.067867490972 1256.08638287234 480.322927267187 4309.64483613041 87399.7673184333 44.1643451592631 40.2194911276605 49.2041699206453
178000 76.1585318781719 86.4429834417523 2990.69430146585 1327.80557159463 745.472656063553 66474.080216264 340.725271274918 1265.34690371388 480.426706106317 4318.49987306048 87573.1604224612 44.1935318668269 40.2460708159061 49.2366872762911
179000 77.9567699483771 -397.40172006169 2978.39986184987 1359.15741714349 702.122028666307 66471.8012378414 295.645304242498 1285.60296958426 488.472462981635 4337.55727899336 87683.4435759308 44.2120754387086 40.2629580361756 49.2573469522927
180000 77.7298662397673 162.625033605011 2983.03347344435 1355.20140589855 752.543985148222 66468.3846705506 342.801685128536 1241.17292450773 488.238929531202 4338.2348793429 87470.4923032048 44.1762547275301 40.2303369077463 49.2174385521307
181000 77.2064216412092 -262.591939988467 2959.05942257457 1346.07527600547 720.585506357501 66463.922688698 306.25673694654 1264.32417200495 483.427919803325 4305.13469858005 87348.1593427137 44.1556506997509 40.2115732759191 49.1944832908162
182000 75.5636662398461 352.819791569931 2958.54034431804 1317.43423315834 766.017618910037 66466.9885127968 354.043420745802 1219.50134123044 476.730383277867 4275.97457747639 86881.5200942651 44.0768794876778 40.1398380774538 49.1067230831255
183000 77.1750787580194 -235.199753962573 2948.59354031834 1345.52882042259 725.109729681539 66465.5164235557 311.412024522782 1260.52418269653 484.569307754742 4294.12236074093 87218.2134198488 44.1337433711443 40.1916227568894 49.1700760021904
184000 76.3048326103931 -11.228267023914 2985.40085724594 1330.35628945356 760.330376116747 66475.7764095683 357.341787358091 1249.37783850443 484.556636868979 4315.7571466995 87393.2970671827 44.163255295716 40.2184986130626 49.20295568706
185000 76.6598737781194 -160.776276684606 3001.99982605968 1336.54634628668 747.825071936974 66473.9851043936 342.913687919048 1274.96476299342 484.397850656152 4338.54617234635 87499.9649846343 44.1812158157115 40.2348548608911 49.2229657760703
186000 77.7959943021336 -66.9898609988791 2993.74367305041 1356.35433266176 742.063677199122 66471.4567521636 334.723874368632 1268.07401488544 480.795494882172 4350.09800571217 87329.5348469765 44.1525121669691 40.2087150836169 49.1909866036186
187000 77.7637491215987 -176.174246136146 2967.04396562204 1355.79214574303 719.341930876497 66463.3403326463 303.542751053392 1271.78848388869 488.13714759068 4322.83611136507 87383.8584906377 44.1616653443625 40.2170506795744 49.2011842980297
188000 76.313167718598 -139.245502727786 2969.06294957567 1330.50161004787 725.351972309988 66473.1270714268 318.448159782653 1275.92425740474 468.080035926718 4299.56455962355 87432.3996382645 44.1698410003975 40.2244960684777 49.210292921
189000 75.758828131546 -9.91678197937257 2999.67218487409 1320.83683350753 741.855226041644 66471.3188694941 333.047640721197 1283.31404091412 474.592167413493 4320.50901838161 87406.0350532058 44.1654008591942 40.2204525302099 49.2053460920262
190000 78.3813643830925 -54.294921144898 2978.06874322896 1366.56011835344 705.083048964779 66472.094343021 298.02159677133 1277.03288888174 484.863892717847 4344.6288615824 87408.7528998119 44.1658586214094 40.2208694041226 49.2058560918856
191000 77.0192627269724 153.285058615124 2983.22631836667 1342.8122056315 744.542235561271 66467.2139218159 332.62124023377 1261.94905225593 479.448869396167 4326.03852399816 87351.8104789646 44.1562659237455 40.212133546788 49.1951687212443
192000 76.3622669296244 -168.534228942018 2978.45629355617 1331.35764290925 714.245981902537 66470.5083769493 305.250524672476 1273.37801873963 493.818266607797 4309.81393646542 87511.4881471976 44.1831551878583 40.2366210041595 49.2251264601326
193000 76.8314334008028 337.640979415362 2973.39657692971 1339.53744678772 761.994045337895 66473.0002452357 355.482623551114 1240.46597811368 472.399379483269 4312.93402371743 87235.0365958193 44.136580783077 40.1942067251042 49.1732372060622
194000 77.7640167991951 245.660179837776 2981.68528986661 1355.79681263714 737.670311287139 66474.3962779234 332.36781371641 1267.03415243928 480.31426382596 4337.48210250375 87391.7314352661 44.1629915691014 40.2182584430761 49.2026618652209
195000 77.8327120258134 -19.3491686914311 3014.34766718782 1356.99449728778 739.015441173824 66476.7540510125 336.700380296315 1273.09700942525 494.954967642595 4371.3421644756 87687.1210805842 44.2126935251394 40.2635209138019 49.2580355718039
196000 77.8057357574264 124.976098586436 3001.90202333014 1356.52417257718 761.488242527851 66476.4212456922 359.895872723602 1249.89568689024 480.101804727035 4358.42619590733 87623.4200596099 44.2019847081712 40.2537686313333 49.2461047156385
197000 77.2851004176032 -45.7402948683869 2991.91130818629 1347.44702143026 750.048007917191 66467.1347704901 339.378907239006 1263.95630794631 487.165607688988 4339.35832961655 87721.7565695786 44.2185139415846 40.2688214381667 49.2645201864576
198000 77.7316527482113 -358.231792034816 2971.23039232158 1355.23255324091 712.870116030502 66464.5982450797 299.21370234371 1276.22761435252 495.883497648112 4326.46294556249 87609.7205672333 44.1996810002019 40.2516706955006 49.243538119486
199000 78.1504493439586 195.968967233034 2940.0939191342 1362.53417053164 726.82725943403 66468.265835773 317.017692784182 1235.35105563807 481.83140233549 4302.62808966584 87288.0173470027 44.1455141813286 40.202342173064 49.1831900411825
200000 75.9538080346214 -89.5439682944093 2964.50211422941 1324.23626092909 729.684277459275 66472.2430184819 324.087506791766 1258.74259573056 477.981173259127 4288.7383751585 87438.7391481614 44.1709085237174 40.2254682383259 49.2114822649984
201000 77.3084709114388 -268.362721470082 2946.63258272017 1347.85448033421 709.870436073943 66469.4236368762 301.645388674282 1268.78213065634 464.663772754372 4294.48706305438 87413.8155200986 44.1667112845111 40.2216459055274 49.2068060568412
202000 76.4400011644152 -52.6448652245498 2974.92606614776 1332.71292047977 745.361357571175 66465.3266593307 332.792789989762 1259.26772815382 485.455997616152 4307.63898662753 87388.6903321655 44.1624792942126 40.2177919256787 49.2020911319621
203000 77.4140677520986 -235.543539182848 2986.58963891366 1349.69553569483 720.680034130464 66466.8399802021 309.448337059788 1284.41457846277 491.211072079003 4336.28517460849 87479.4236675263 44.1777582471232 40.2317061297455 49.2191136462213
204000 77.5439366406647 96.1568280492333 2989.20710039733 1351.95976833643 737.620273129025 66470.0120242242 330.218687083805 1258.62378775755 490.175401735053 4341.16686873375 87407.4469558774 44.1656386647096 40.2206690944265 49.2056110347755
205000 76.3836683298438 53.7331485439225 3005.42834625009 1331.73077114256 747.630912358822 66469.8323770944 340.262792694601 1270.42873856837 483.359233064911 4337.15911739265 87588.6067857025 44.1961300343174 40.248436909504 49.2395819342846
206000 77.1741937003566 -343.332404732849 2995.01087995511 1345.51338965643 701.669625393305 66473.7661600554 297.344341581425 1291.57453854028 499.355904131556 4340.52426961154 87615.162773355 44.200596190862 40.2525041393671 49.2445577473465
207000 77.3872912932791 388.38133091622 2986.71559186539 1349.22869461568 761.418690255485 66469.1067772973 352.184934375488 1241.01556093274 484.917150081034 4335.94428648107 87285.3903089318 44.1450713060697 40.2019388563723 49.1826966271086
208000 76.1835022382059 -277.749724222821 2988.76597414057 1328.24092377856 706.226141809532 66469.7858770123 297.8282164829 1298.46332238753 489.797327687699 4317.00689791912 87674.8259723741 44.2106269911054 40.2616389670191 49.2557332147474
209000 76.011283640346 152.712261213944 2995.12925778114 1325.23833420479 734.671691480997 66475.4053585102 332.274624228492 1268.84154011775 484.661107462183 4320.36759198593 87464.7034545115 44.175280169179 40.2294493990378 49.2163527818226
210000 78.4672152606274 209.123132241525 2992.96087212421 1368.05690762585 737.617800579274 66474.5225951949 335.203009607823 1256.37372706638 497.30628690113 4361.01777975006 87337.7280052076 44.1538929033814 40.209972489692 49.1925249030976
