# Fix print output for fix thermo_output
11000 77.1189551249934 -221.219219725969 6599.68950694034 889.393944629165 3290.56067667398 16894.1950491697 2835.96274181971 1582.17622955907 682.744488292084 7489.08345156951 66553.1668245742 42.8024332511095 30.7643388661516 50.5420299083358
12000 76.5149933326842 -35.6375932650665 6576.93536440316 882.428601802663 3283.20227441605 16893.0820298803 2827.31723492563 1571.85342992806 671.990013822091 7459.36396620582 66194.8104621663 42.7254715385194 30.7090224734608 50.4511518697742
13000 73.1546037604125 56.7104333315024 6599.17272083556 843.674055241064 3299.57218397933 16890.6407504563 2840.90719509522 1570.74479112828 686.437720906195 7442.84677607662 65942.8044365888 42.6711834519899 30.6700027971589 50.3870473344796
14000 77.0463630959582 63.2641762650845 6591.5278406855 888.556758609883 3293.74363537747 16888.4248756562 2833.16352698076 1577.96020126837 667.318527007227 7480.08459929538 65666.9901162531 42.6116077297421 30.6271826215705 50.3166990456805
15000 79.0011238627509 15.6612262519113 6594.75672693891 911.10053382528 3283.03387213582 16884.389883946 2817.73138783521 1594.3793796183 679.303083006212 7505.85726076419 65265.5296359484 42.5245936567089 30.5646410736818 50.2139509646099
16000 78.8115367711489 50.0199466835025 6585.21019219395 908.914072520437 3273.69076653657 16885.2232554967 2810.04747349587 1581.36643958227 675.072739991769 7494.12426471439 65119.5643400118 42.4928681396254 30.5418382915939 50.1764887945537
17000 76.4414262086791 -261.06980466963 6575.81131544604 881.580170252886 3251.3607734014 16893.0402398078 2795.35066581057 1585.76161226791 677.767152470721 7457.39148569893 65331.4153408106 42.5388984031587 30.5749226402599 50.2308423155913
18000 73.9547848589189 -174.381256592733 6588.67498235212 852.902347072363 3270.29789769019 16889.3146956523 2810.39520810941 1588.11845762247 683.83436686446 7441.57732942448 65188.5926854729 42.5078773338433 30.5526261814858 50.1942119725468
19000 77.4262611546186 490.229170975993 6567.74804196394 892.938029497194 3289.49016745762 16887.1686755254 2827.39597986519 1553.75449631912 653.100677098396 7460.68607146113 64970.5690039898 42.4604351114413 30.5185269844149 50.1381911802358
20000 77.1718468976746 -273.844998615754 6596.09912507523 890.003932436535 3243.40666393994 16891.5385590688 2785.97844725 1590.61425925174 687.890892604613 7486.10305751177 65223.3042003464 42.5154208366769 30.558048090003 50.2031195022559
21000 79.1231595342526 60.1306176748687 6598.38227742393 912.507941214117 3252.93199467379 16891.3005027015 2795.10080060201 1579.35559221908 689.75551507254 7510.89021863805 64994.7990611865 42.4657128390756 30.5223203622452 50.1444232340622
22000 76.4747356122093 345.236527910417 6620.01293603388 881.964319412465 3306.61738788523 16888.4987842992 2845.54368664993 1572.06486346173 677.596442775176 7501.97725544635 64997.1008876601 42.4662141486651 30.5226806795665 50.1450151911623
23000 76.3541461632836 -303.129133032402 6599.86937102265 880.573590952948 3258.83695759547 16887.5060228687 2797.31272685807 1591.2660083754 672.701549660475 7480.4429619756 65283.1225646514 42.5284142796148 30.5673871544257 50.218462437965
24000 76.8756469484621 126.34630045846 6572.36070801109 886.587931262737 3270.04136241281 16886.452641359 2806.98716905919 1556.87990374202 668.913683726271 7458.94863927382 64916.8403813653 42.4487274008871 30.5101120428454 50.1243664648615
25000 75.2281576089717 216.853962673386 6587.68706937642 867.587841855289 3273.70830528661 16890.6585942778 2815.15563667301 1571.41330799494 663.52293904363 7455.27491123171 64670.4717207779 42.3949596680501 30.4714663718537 50.0608763743515
26000 76.7670475726513 -212.928693263003 6602.5869815633 885.335481367895 3250.15299899992 16893.0600650876 2793.93749359165 1579.59085523403 693.035973658177 7487.92246293119 65111.5568690063 42.4911263468649 30.5405863743858 50.1744320483558
27000 79.4070989439284 525.828660942374 6595.31466399192 915.782544600508 3280.06567811784 16891.8719124232 2823.32171603399 1543.43246323828 687.749690494504 7511.09720859243 65008.5868282929 42.4687154688732 30.5244785087235 50.1479688036359
28000 78.0787154703485 7.27043646513649 6598.86907980208 900.462624671192 3251.67256222079 16888.065328024 2791.19944219604 1580.8537992651 687.0675606356 7499.33170447328 65332.0226920181 42.5390302232087 30.5750173861977 50.2309979715288
29000 75.8390756954441 -115.674119178111 6598.33865424922 874.633409911706 3244.71277784889 16894.1921117543 2789.57382346209 1577.24627513551 708.753303079244 7472.97206416092 65740.0830392603 42.6274119771249 30.6385419575956 50.3353610394782
30000 76.6667620062046 213.32222115637 6590.97509933747 884.178912591946 3259.84366929797 16888.9049647382 2798.78736894264 1572.05116220704 674.085441332387 7475.15401192941 65728.4766899016 42.6249032197507 30.6367387829596 50.3323986450392
31000 79.070534252495 -90.2545586248199 6589.30930446082 911.901026781034 3247.50177111789 16883.697920732 2781.63984767996 1581.72147773533 662.947253509852 7501.21033124186 66104.5063870454 42.7060337608076 30.6950515298734 50.4281993255404
32000 78.2198181576257 -443.752951041708 6603.0341022809 902.089927264075 3241.95186116202 16887.878483569 2781.01217821204 1599.17832149093 679.587660877998 7505.12402954498 66507.2045043103 42.7925777110855 30.7572551760433 50.5303922755925
33000 77.0369820145716 181.488969336363 6598.93636450986 888.448568905215 3267.48242676846 16890.8112958729 2809.25385229017 1562.97628094377 676.258060805833 7487.38493341508 66120.669889188 42.7095142235501 30.697553119785 50.4323091304903
34000 76.6810843128919 403.994394684591 6602.60738768991 884.344088232878 3270.52969709188 16887.4318458473 2809.00874198206 1554.0019368811 686.788084280363 7486.95147592279 65865.1904479583 42.6544357012919 30.6579653161417 50.3672712317579
35000 76.5665694340885 266.086024041868 6598.95065461639 883.023416296742 3261.76484310896 16888.4993757451 2800.81504796788 1559.96305078334 699.081527645059 7481.97407091313 65868.7265155837 42.65519900924 30.6585139453337 50.368172562131
36000 75.5785348421982 -125.045683981586 6606.55184319891 871.628656322529 3254.99610035387 16888.9795795769 2794.0843194364 1581.79150529013 693.611409173161 7478.18049952144 66012.150503093 42.6861360162691 30.6807499841628 50.4047036426276
37000 77.0263663608711 247.771168159584 6606.09477030089 888.326141181652 3259.35330483527 16890.832523012 2800.18706540279 1563.45777607022 698.603137620256 7494.42091148255 65791.8395377754 42.6385957519291 30.6465803192429 50.3485670802963
38000 78.817320786212 24.4847618648599 6598.68331988447 908.980778143775 3257.5074178331 16886.2932352779 2794.05375643276 1579.09760424513 686.878468756504 7507.66409802824 65823.9285530556 42.6455267440585 30.651561984404 50.3567513442474
39000 76.1267552283125 129.926101535471 6618.5087407254 877.951147219119 3269.82497921714 16891.9953927132 2812.4800565258 1575.9208623085 685.990915691279 7496.45988794452 66115.4239154392 42.708384678047 30.69674125658 50.430975338967
40000 74.7402701178449 110.919517513575 6610.6882634928 861.961155399732 3262.95311112562 16889.9167009989 2802.97195561732 1567.73900115445 679.135331826146 7472.64941889253 66106.6057114567 42.7064858372501 30.6953764607659 50.4287331470855
41000 77.0416558926695 85.6143209066055 6585.64152055083 888.502471591933 3245.20200806345 16886.6660645786 2782.38249146602 1561.56609858821 706.428693517192 7474.14399214276 65935.5475650471 42.6696181022445 30.6688776987377 50.3851989359721
42000 76.9990099607798 219.385051345273 6609.84712956358 888.01064654679 3245.34499741771 16887.1546125613 2783.46315394561 1567.15697283429 699.778205013883 7497.85777611037 65724.170155238 42.6239722704802 30.6360696612135 50.3312993602003
43000 77.3675462239374 177.485882781877 6630.0003071713 892.260884640621 3258.53033778818 16883.3817868993 2792.41262150555 1590.47830650415 671.147761359733 7522.26119181192 65662.3504576555 42.610604140938 30.6264612900064 50.3155139865236
44000 78.1470619891252 -30.369168811907 6624.56383665213 901.250848264704 3234.5746837982 16890.7938560103 2775.72611307045 1601.14076779402 678.347781002574 7525.81468491684 65551.7724622093 42.5866713870593 30.6092595728515 50.2872536781613
45000 78.8391828349552 -287.754554197775 6587.74614137401 909.232907775691 3198.77625882995 16890.6331506246 2739.63982853717 1596.3785422975 700.499916550137 7496.9790491497 65578.4213797625 42.592441558722 30.6134068958624 50.294067220444
46000 74.6735288062084 77.4931869046154 6613.58336085668 861.191444265421 3250.5194898087 16888.7537159053 2789.64399274451 1567.70305380424 695.583593784212 7474.7748051221 65746.906403458 42.6288867359067 30.6396019435686 50.337102466232
47000 76.4393860145654 -252.651103280542 6610.77103980582 881.55664119589 3231.17350363665 16888.0582839797 2769.41862898822 1582.69716560949 699.1774781978 7492.32768100171 66034.3324574944 42.6909167315261 30.6841861333015 50.4103488135929
48000 75.6353263765418 272.429342824293 6647.33308032931 872.283619122136 3275.94764015881 16887.8665817194 2813.84955501002 1576.35410021539 681.439656646959 7519.61669945145 65612.3708749864 42.599790228228 30.6186887675161 50.3027446867877
49000 79.8423137270865 240.85928563877 6616.24552921547 920.801769668153 3257.97678719493 16889.4923724744 2797.88554327679 1569.75587855797 688.765886999796 7537.04729888363 65355.4106102597 42.5441057365832 30.5786654221026 50.2369912464256
50000 76.5264966853765 -354.870541219853 6624.40774630268 882.561267140399 3213.85376357644 16886.3856480047 2750.62951678454 1604.7818837329 688.472331096829 7506.96901344308 64877.9320506822 42.4402450656903 30.5040153465923 50.1143503417888
51000 74.9485456606819 -521.021403639865 6623.45448624633 864.363146016868 3188.23999023226 16888.9277880566 2728.53261848832 1630.07934690083 689.033738940305 7487.81763226319 64383.5030378596 42.3321589024786 30.4263281895963 49.986719885322
52000 76.5225015501919 38.3621702532197 6609.64927713581 882.515192228785 3226.53939520838 16887.2588705724 2764.54146177419 1592.69707491274 680.603544136767 7492.1644693646 64379.6712934067 42.3313190950466 30.4257245762395 49.9857282227197
53000 76.0979391472061 91.318924299267 6630.59582849562 877.618818442071 3245.36332306731 16888.7889978826 2784.47739737757 1590.79438431358 683.639825996325 7508.21464693769 64633.6987104079 42.3869225848963 30.4656897014427 50.0513860144274
54000 77.2787251461647 512.828954060413 6642.19261751207 891.236532993241 3263.41991795538 16891.0398220822 2805.39434389175 1565.69551651133 699.919873230313 7533.42915050531 64646.8344535929 42.3897938735365 30.4677534461881 50.05477649355
55000 77.5683821918693 -453.8326938011 6642.2890702593 894.577076469891 3195.90663109698 16891.3808924009 2737.89354044846 1614.48886796233 705.927555364434 7536.86614672919 65001.5035780366 42.4671729676927 30.5233698327569 50.1461473852041
56000 76.1874314456647 -382.943791358252 6647.1222298022 878.650911112556 3219.637425629 16888.2623624597 2757.98840532396 1622.14508881857 704.37091687126 7525.77314091475 65206.3434892531 42.5117352711576 30.5553990820383 50.1987675075528
57000 76.0718562246881 -59.5476106349479 6638.3377445613 877.318010510893 3219.98092871161 16884.153775166 2754.75092116891 1609.06579527766 697.802071298509 7515.65575507219 65038.7746453169 42.4752881360677 30.5292026270836 50.155729949828
58000 76.9360008646278 299.326340825487 6627.21899316026 887.283978135849 3252.11984223914 16886.5091224226 2788.93005090672 1586.82149686421 685.35790418008 7514.50297129611 64929.3936946642 42.4514634029623 30.5120785500866 50.1275971947086
59000 77.4638375205956 119.662960137934 6624.18319721362 893.371388485357 3250.498915245 16888.9226371661 2789.17836321475 1584.62581640229 689.212800544689 7517.55458569898 65174.6700414551 42.5048509138456 30.55045093575 50.1906383109919
60000 74.7477623698903 446.05240699134 6641.72743939779 862.047561700102 3284.35777312515 16883.4689787964 2817.53866479145 1567.3319264119 685.469303507389 7503.7750010979 65228.646390426 42.516581563208 30.5588823646362 50.2044901130019
61000 76.4817713111498 -587.227938868148 6634.40108238588 882.045460398152 3202.39313552722 16889.4962411884 2742.32711953751 1613.5469497446 712.703887639951 7516.44654278403 65435.3898898021 42.5614532411993 30.5911339775087 50.2574755514176
62000 77.7230330386991 310.924893540059 6641.49190002861 896.360626655176 3257.91619050435 16886.898444714 2795.34563879961 1585.53567773616 685.09278479282 7537.85252668378 65087.0768899844 42.485800552604 30.5367584485657 50.1681432364254
63000 76.5018044879028 -178.944706277491 6647.43453322573 882.276498099155 3214.23658505332 16886.2524583567 2751.59378472907 1607.38231902518 711.939681161367 7529.71103132488 65207.2997700084 42.5119430881345 30.5555484509275 50.1990129022905
64000 75.7363029256984 -349.419989219392 6646.49574263997 873.448156831754 3208.16982000101 16885.2428391143 2743.78368477193 1632.10341843593 708.924226601844 7519.94389947173 65065.8185955597 42.4811745753865 30.5334335177171 50.1626807834499
65000 77.3029079531021 530.743666508526 6618.89272157784 891.515427358698 3223.83098853914 16886.1418556503 2760.34329000284 1575.47798354264 697.273024201198 7510.40814893654 64576.9171256183 42.3745064519699 30.4567655798043 50.036724778744
66000 75.3784961813602 -339.958913070124 6615.9666079179 869.321659639902 3163.71345402542 16889.3314088483 2703.88174709887 1615.72805814815 712.028501907578 7485.28826755781 64773.7497989675 42.4175157698709 30.4876786174476 50.0875111024779
67000 77.16660272022 529.391066341203 6611.54262967873 889.943452627581 3210.43267984312 16888.4469032512 2749.64137933642 1562.43193577473 711.690314707918 7501.48608230632 64606.3705623308 42.3809477894182 30.4613953046343 50.0443308479607
68000 78.1068419682788 -116.616966955297 6613.01203227738 900.787000655051 3182.13915022993 16889.2357379919 2721.95422394085 1591.25183711614 701.227756939642 7513.79903293243 64778.6136534786 42.4185774523289 30.4884417039454 50.0887647598626
69000 76.4722094068108 14.8220754149097 6637.39620207801 881.93518530684 3199.14307083185 16889.8250338768 2739.7213911045 1605.14165931439 717.099525503268 7519.33138738485 64548.5368027917 42.3682979467084 30.4523032035974 50.0293936427594
70000 79.9106851838367 -75.4994175828781 6617.39780371843 921.59028086518 3182.88707321661 16887.2843157845 2720.4187628607 1606.02985151577 713.697511412909 7538.98808458361 64492.0960482959 42.3559455054916 30.4434248605092 50.014807615611
71000 77.431082968088 -212.200467136809 6631.28776608671 892.993638286173 3189.9824799389 16888.0844091091 2728.30723990111 1611.79226793988 729.456597688418 7524.28140437288 64639.2352718656 42.388132846757 30.4665595796986 50.0528151175527
72000 77.3436613317884 -146.456397406594 6616.34074597837 891.985426053156 3185.19451092881 16892.282828788 2727.47597410038 1599.86368325369 715.442487459884 7508.32617203153 64541.8505449662 42.3668349899958 30.4512517003852 50.0276661521398
73000 78.6625164436069 306.823734290417 6582.51750514215 907.19545772946 3205.74347587236 16891.6537491292 2747.40463006876 1582.14546475536 690.848835791089 7489.71296287161 64330.2764845622 42.3204901985162 30.4179412840967 49.972941229767
74000 75.7047086886666 129.647942001215 6593.93296049091 873.083788265612 3198.71577480343 16885.6159353566 2734.23531770735 1583.33203631914 720.357161420067 7467.01674875652 64589.7240081862 42.3773075016386 30.4587788401406 50.040032318184
75000 76.0507183173799 693.601272392191 6598.76829730842 877.074232224069 3234.67512633226 16887.5621415487 2772.47044587038 1563.33501107034 706.522683626909 7475.84252953249 64669.9004774052 42.3948348408033 30.471376652006 50.0607289756633
76000 77.0989351726481 -239.556600695545 6611.18679627616 889.163059442004 3196.39936420017 16886.2091105459 2733.04375229251 1606.78865774916 721.081337258188 7500.34985571816 65200.8445301085 42.5105402091716 30.5545401287233 50.1973563527639
77000 76.9796794854372 54.0614782055984 6623.88878781762 887.787712928348 3205.69396232153 16891.0360936381 2746.92094891431 1575.49451479433 727.753223649102 7511.67650074597 65294.087989005 42.5307952727618 30.5690984982529 50.221273965666
78000 80.0251748572597 327.346169955592 6600.38915357824 922.910662113862 3228.18040615421 16886.8405763994 2765.80385732429 1567.95243350818 706.195723744239 7523.2998156921 65173.8384551796 42.5046701350197 30.5503210005884 50.1904248434831
79000 75.9974055195529 -331.411525207691 6629.8351987123 876.459388837229 3186.23716796519 16886.8878781502 2723.48671670962 1627.14350704757 711.275271120136 7506.29458754953 65310.0104201083 42.5342521381511 30.5715831275179 50.2253559063563
80000 75.1484449570506 139.766823925902 6621.51272935176 866.668535443343 3189.43361400096 16885.7671683946 2725.11516046695 1591.63989654652 706.368102476137 7488.1812647951 65097.6536220084 42.4881017600037 30.5384124462207 50.1708605514102
81000 74.9407203113216 17.717748620725 6630.19593921232 864.272898187079 3188.44520329386 16886.9162459462 2725.36640892352 1598.36015586524 710.921828281127 7494.4688373994 65236.331674065 42.5182512751873 30.5600824736303 50.206461744669
82000 77.8142170571862 -342.529264399516 6604.13340805364 897.412229516729 3151.8756414864 16891.1812434625 2693.44068540726 1620.07428441065 716.69794831603 7501.54563757037 65372.0940645105 42.5477255452957 30.5812671672231 50.2412655940812
83000 76.6710056158585 -20.2605261532939 6617.98258509393 884.22785309851 3180.08777481487 16885.5541090327 2715.95181750802 1609.38288185366 703.824833641387 7502.21043819244 65115.8366751346 42.4920573121576 30.5412555076455 50.1755313521117
84000 77.2843225125732 -197.263207819559 6628.21775388726 891.301086043546 3176.76597294663 16887.6062001724 2715.01770451872 1622.44742121259 705.106385471491 7519.51883993081 65177.616537632 42.5054914412842 30.5509113161926 50.1913946595111
85000 78.3647025224377 -263.449164389448 6626.22680820408 903.760843013988 3185.9892428379 16889.8406023525 2725.83885889312 1620.27602126927 704.823835167282 7529.98765121807 65352.4473779645 42.5434627397128 30.5782032667505 50.2362319819496
86000 78.1350361790978 -605.034960222877 6601.79237905936 901.112157555004 3155.53837547851 16886.6839323157 2692.01343564148 1627.12447499146 712.54911865184 7502.90453661436 65635.9253462324 42.6048873131785 30.622352308038 50.3087634338645
87000 76.1753281542865 -154.505696901102 6611.98283707567 878.511326829491 3193.53156648421 16886.3322991084 2729.35040163826 1613.16505204126 702.786440782832 7490.49416390516 65630.4857174648 42.6037103095176 30.6215063341828 50.3073736027331
88000 76.5248125928204 199.785069076219 6621.02179585533 882.541844915095 3211.96439546447 16887.3213850577 2748.77492676464 1581.03747308852 706.078635267383 7503.56364077042 65624.5466625907 42.6024251678984 30.6205826359428 50.3058560799844
89000 77.957013288777 34.1067191316648 6618.76460287735 899.059063339709 3180.9844290048 16890.3377345309 2721.93820570236 1605.47030456116 743.104691791804 7517.82366621706 65502.5206453141 42.5760029927601 30.6015916420251 50.2746562096813
90000 78.6068734806495 -42.4707609840954 6606.41186767077 906.553741121198 3182.35860961048 16884.8607126398 2717.19699598743 1598.21710016505 707.964395455688 7512.96560879197 65066.3804124154 42.4812968442512 30.5335213987204 50.162825161143
91000 77.8584190983466 71.5776002893155 6586.19482041759 897.922000787418 3172.95791614657 16888.1749947914 2711.67366228501 1597.67703135019 688.838070486837 7484.11682120501 64862.1951406278 42.4368133270081 30.5015487772015 50.1102980712522
92000 75.5362443833394 -445.618674370094 6598.46708039355 871.140930860435 3142.45643634238 16889.7762453428 2682.5099323447 1615.9999975386 725.458639386581 7469.60801125398 64890.2578365141 42.4429325550044 30.5059469851862 50.1175237867295
93000 75.4579966628331 221.089962479475 6611.61551451162 870.238519142245 3163.01465156125 16887.3025851996 2700.69883294674 1598.02373963289 729.783452917005 7481.85403365387 64327.5403479975 42.3198901892684 30.4175100261892 49.972232725996
94000 77.2839901345114 32.9221217868771 6611.26056957506 891.297252809096 3156.76857309724 16885.9624901292 2693.19436164834 1605.5712822011 718.381182747147 7502.55782238416 64322.730952078 42.3188354923293 30.4167519605474 49.970987317261
95000 78.7508017274113 277.327295212973 6606.65492036568 908.213630196763 3191.17342796935 16883.4291835424 2725.39916232289 1581.28089863585 710.210294822999 7514.86855056244 64301.9945937785 42.3142874223092 30.4134830256609 49.9656168587725
96000 78.0778218509909 -387.872684452176 6603.85282982182 900.452318778897 3140.22021169976 16884.9822015425 2675.52310510469 1621.40553736004 716.484995593803 7504.30514860072 64276.1699311487 42.3086219758725 30.4094109741263 49.95892697828
97000 77.6576680960502 153.100514070119 6597.26751527176 895.606788845928 3162.93533948871 16890.4653280597 2703.8308883216 1606.87938271601 715.555524551291 7492.87430411769 63760.4673015967 42.195167377264 30.3278652429051 49.8249573583177
98000 77.2150542213579 85.371068898286 6598.87380149499 890.502231875178 3150.05553855497 16884.8504370962 2684.82403776179 1608.23715462267 712.927407257785 7489.37603337017 63667.6318871354 42.1746786705411 30.3131389418824 49.8007638546002
99000 75.9098418284629 64.7577206124406 6609.74408216841 875.449538321249 3158.46274888982 16887.1124866387 2695.64708699971 1599.15693258394 715.346456192605 7485.19362048966 63744.1313323431 42.1915634835949 30.3252749367552 49.8207018034861
100000 77.2351764116059 -24.1478894092095 6595.97228993728 890.734296146929 3136.04460475521 16889.1371497334 2674.9465786108 1592.84445695436 741.063706111016 7486.70658608421 63926.8796831585 42.2318447446984 30.354227177841 49.8682667793249
101000 76.6938286902112 -0.889792386328068 6617.0845688379 884.491066002448 3152.28338793045 16893.5160599977 2695.46474600018 1596.00799856573 751.68558720809 7501.57563484035 64021.9275001651 42.2527647756476 30.3692634940577 49.8929695999266
102000 78.5240385990366 -87.6343707644868 6619.05596335443 905.598426802025 3142.76967053416 16888.3188785277 2681.05400706031 1604.29734918638 741.731819887793 7524.65439015646 63843.2631378645 42.2134235853043 30.3409869308066 49.8465146797752
103000 78.6338039521406 -367.282475772143 6601.94105168743 906.864323626256 3116.18841700149 16888.70729695 2655.09556528589 1627.65635414557 711.372499019589 7508.80537531369 63626.0181686156 42.1654880888455 30.3065331919708 49.7899114188934
104000 75.1521408566811 239.867012882691 6618.31766044386 866.711159344899 3175.69020626685 16884.5527093589 2711.03602292166 1588.67539815341 716.294249151013 7485.02881978876 63572.4656108059 42.1536548607538 30.2980280344075 49.7759384897236
105000 76.2929467795199 385.390309168441 6619.96261954995 879.867793509942 3177.27455705788 16887.8539370135 2715.64496496035 1583.29010133329 706.486883928274 7499.83041305989 63649.0621760967 42.1705779591499 30.3101915469505 49.7959216467618
106000 76.6258589191313 2.00435249720831 6631.26923519054 883.707187347476 3163.37078591306 16886.5023592573 2699.58877378588 1611.65340005348 738.250581476967 7514.97642253801 64034.1391154393 42.255451051665 30.3711942605917 49.8961416121819
107000 77.9810761771991 491.499590838716 6619.64256989228 899.336574714418 3190.35223397737 16889.2589454914 2729.81880851229 1585.27785532711 734.749443749041 7518.9791446067 64086.8563202576 42.2670437129005 30.3795265102218 49.9098304748557
108000 76.4015452079961 277.592406158343 6616.95766137992 881.120232479407 3186.66067160989 16887.1994848147 2723.83827167593 1599.09462534478 705.10617554331 7498.07789385932 64123.4356915949 42.2750838837402 30.3853053999127 49.9193244807846
109000 75.3257456062128 -79.4161187405043 6613.09423021872 868.713300228966 3177.76899042281 16884.6774848024 2712.89011508409 1606.9278160786 714.747794492083 7481.80753044769 64295.9262903359 42.3129562867531 30.4125262691826 49.9640450253982
110000 76.1855470940245 -486.960646707793 6628.28717602977 878.629179348483 3147.14313018442 16886.5973878788 2683.84879493988 1616.01187937905 745.474912398936 7506.91635537826 64584.7269376197 42.376214614389 30.4579933251345 50.0387418135125
111000 76.5648562541257 49.887213387247 6641.50906980567 883.003658613531 3186.52917882538 16886.5237067229 2722.97854005151 1604.74546671797 724.509516731334 7524.5127284192 64411.5635102354 42.338307930265 30.4307478162438 49.9939807890288
112000 76.9449272786258 359.369050875551 6649.44890675095 887.386924273335 3192.45009953414 16887.3806320399 2729.96826890999 1599.99345890412 737.135961328935 7536.83583102428 64248.3828968243 42.3025243268046 30.4050282760429 49.9517267436638
113000 78.5443176425069 100.547979134433 6633.05524138229 905.832300023415 3175.69098497583 16889.6581189324 2715.20417382711 1592.8391649291 735.070899581505 7538.88754140571 64103.9972230147 42.2708116758662 30.3822347415235 49.9142797662271
114000 77.8599541764759 280.246912172829 6625.35012697606 897.939704465983 3166.11489567207 16888.4607292684 2704.9016655435 1596.63279831788 734.593179438951 7523.28983144204 63763.0615131817 42.1957396321007 30.3282765522724 49.825633089086
115000 77.1610911704007 195.448039826669 6611.77642242757 889.879889278896 3159.3194354334 16888.2730665475 2698.19013920036 1604.62355870263 729.477588085305 7501.65631170647 63518.1659100619 42.1416497533021 30.2893993381938 49.7617626017253
116000 74.1491163992235 -343.810787879621 6636.93159308505 855.143524937354 3118.71025410497 16888.9041496608 2657.14361286542 1619.22834353319 742.389911183074 7492.0751180224 63636.3593401275 42.1677723583706 30.308175015494 49.7926087332733
117000 77.4857211694546 -500.295720565125 6610.71819616747 893.623767226096 3104.43922571962 16889.169830856 2643.39794554078 1647.87344239067 722.985664464794 7504.34196339357 63630.3598623164 42.16644715913 30.307222525754 49.791043909627
118000 77.3621689733673 464.043998770234 6618.27770955965 892.198870132151 3167.91701502659 16886.2035195865 2703.41801224771 1590.04526266988 726.82244611647 7510.47657969181 63481.1253093741 42.1334565300478 30.283510441758 49.7520878682267
119000 76.4070251243594 539.400959514796 6625.1610192124 881.183431007223 3165.96907015858 16885.7107518267 2701.24229859084 1597.55785176624 732.394105160471 7506.34445021962 63751.0169916519 42.1930826104844 30.3263668124004 49.8224956210537
120000 77.3586674153769 220.399212214163 6623.94074351982 892.158487524939 3148.6111519051 16886.5955295977 2685.4516679064 1587.32620598804 742.391210132196 7516.09923104475 64022.2936156024 42.2528453176354 30.3693213837809 49.8930647056314
121000 77.6845564764523 84.9924647608699 6622.29376091068 895.916885924808 3162.63256252011 16887.0911089438 2699.79537665172 1608.77601653255 729.215944377637 7518.21064683549 64045.5430708082 42.2579593526075 30.3729971071662 49.8991034676564
122000 77.2635909969711 -19.702611856895 6634.83955704639 891.061994572329 3162.13499778807 16884.1263971852 2696.02153088926 1620.98509944191 726.920005768137 7525.90155161872 64028.1015465431 42.2541229673073 30.3702396971683 49.894573381728
123000 79.8209759164826 -434.670436294743 6611.48357187071 920.555685945778 3136.28937062892 16884.7442207595 2670.86088613697 1634.8180257136 726.435776808747 7532.03925781649 64144.5113351458 42.279714936304 30.3886339786766 49.9247929268377
124000 76.4647164849821 -525.386148933564 6626.61997354571 881.848771282024 3129.2183472666 16891.4009056492 2670.84117963254 1646.870661253 738.058287351145 7508.46874482773 64235.3151561203 42.2996561046698 30.4029667353543 49.9483398855363
125000 75.2534351568443 75.7323446095147 6626.85161691411 867.879361598735 3162.32672546584 16889.8944038092 2703.04411414079 1592.01542292313 739.42902481732 7494.73097851284 64156.347496918 42.282315308277 30.390503001498 49.9278635017573
126000 77.0061729570494 594.72455510618 6621.98850658047 888.093255621269 3192.88898211697 16886.3898826487 2729.10270083043 1573.57984018689 736.488472517901 7510.08176220173 63998.2261255589 42.2475500403644 30.3655153921122 49.8868119288174
127000 77.854434962904 984.940070130607 6621.91113093271 897.876052733124 3198.4511904089 16882.0794347799 2730.20981123995 1572.32253855141 752.764296087372 7519.78718366583 63493.5893077208 42.1362138691468 30.2854922850308 49.7553437932902
128000 77.5811389516741 -19.5528898313973 6616.40185381464 894.724197043621 3122.59952730142 16885.1791887305 2657.60799525206 1620.9737555426 740.778505526336 7511.12605085826 63656.7104029383 42.172266998063 30.3114055472199 49.7979161000862
129000 76.9511292685571 -959.851368628203 6610.92108971489 887.45845029804 3079.29886377174 16887.2597476282 2616.04621989024 1669.88281037012 728.1305342433 7498.37954001293 63900.415441295 42.2260162730676 30.3500379516058 49.8613843951925
130000 76.3724305522396 -42.1929281995153 6614.08302677806 880.784460314343 3133.91786753209 16885.5795639296 2669.01003835021 1641.03953575458 717.309113485945 7494.86748709241 63387.4192376582 42.1127149057504 30.2686023556971 49.7275957140209
131000 76.0568424296305 -200.413333478982 6623.82450868752 877.144860104634 3132.82169830408 16883.4013201634 2666.13090102108 1627.42512940746 742.496747878788 7500.96936879216 63586.3028429069 42.1567130379373 30.3002261056864 49.7795496508414
132000 78.1981174206514 901.411766366088 6625.58861993892 901.83965800112 3190.06685222381 16881.7334793366 2721.23994344124 1566.18953478747 740.277164590095 7527.42827794004 63616.5671196013 42.1634002227003 30.3050325337906 49.7874460218327
133000 78.8320650799325 696.192241244611 6618.9004878304 909.150820457388 3169.20942577156 16886.1294280095 2705.14373501576 1575.25183275351 754.859166011263 7528.05130828779 63837.2411990613 42.2120963001478 30.3400329418104 49.8449473930354
134000 76.5700621974521 878.419212564865 6616.33362591003 883.063697477687 3167.99174901876 16885.5711284454 2703.50847802824 1578.25544923067 744.031490569027 7499.39732338772 63571.2272640057 42.1533811511529 30.2978313050565 49.7756152875648
135000 76.9172636687991 -747.418808496592 6597.4502372175 887.067886664143 3081.22492372535 16889.9725680545 2620.88539752921 1653.72136187492 730.751623038455 7484.51812388164 63711.0982110785 42.184274133598 30.3200357011232 49.8120943828892
136000 77.7342875979099 -432.589501478218 6585.05936566536 896.490422718872 3097.48235623788 16888.207573685 2635.3049961968 1630.57353794689 737.267219205838 7481.54978838423 63452.8490735279 42.1271998015993 30.2790134050338 49.7446997892698
137000 75.7074586889976 -216.162620848392 6603.50762376931 873.11550334316 3112.11595101975 16887.3323040159 2648.99538975966 1625.39773998161 732.013391853829 7476.62312711247 63144.571204574 42.0588657433362 30.229898157025 49.6640094697211
138000 78.6432189606826 181.880628088141 6580.55845219589 906.972904604465 3101.32011254315 16885.660612416 2636.46121985245 1604.78548643408 738.323180783976 7487.53135680035 62867.9878109718 41.9973676628909 30.1856962824413 49.59139121919
139000 76.4639167982322 894.973290390471 6590.82414552789 881.839548691394 3140.59904249741 16883.6386393055 2674.00561415971 1590.382057739 745.015416590239 7472.66369421929 62814.3159645533 41.9854128874834 30.1771037624892 49.577274764346
140000 74.7787315940334 654.019070004238 6590.92896375903 862.4047221463 3135.92299295873 16887.9178438787 2673.92080522452 1590.615729132 744.612404056251 7453.33368590533 62734.9246257015 41.9677169032006 30.1643847365906 49.5563789670995
141000 77.1923273254554 -87.8421768321151 6581.18412290465 890.240128173655 3101.86417073687 16886.0246096779 2637.98285325902 1622.95426939834 745.642762837577 7471.4242510783 62796.781297529 41.981505769932 30.1742955135368 49.5726611562607
142000 77.443977454066 -919.799363482151 6587.81728968468 893.142347221989 3045.33567972528 16882.7292113524 2577.91280875481 1655.0794551096 749.748257300045 7480.95963690667 62922.239650492 42.0094447122418 30.1943766870471 49.6056520577253
143000 77.8900768226769 -176.377819094453 6581.27098926955 898.287101536961 3107.46577152951 16886.8350312634 2643.80465047628 1635.59494331451 744.728110854353 7479.55809080651 62788.9326861429 41.9797566874383 30.1730383568182 49.5705958021914
144000 76.0269237900277 788.969874354374 6591.37243217988 876.799815791584 3163.29351639207 16885.6895881947 2698.77914314039 1588.58013445887 737.538474392989 7468.17224797147 62702.3711806624 41.9604565658893 30.1591663538878 49.5478058053042
145000 75.741353147704 338.38094662048 6604.61445448866 873.506399800212 3137.54843484388 16886.5779719608 2674.20570400577 1599.29876104831 747.909479829812 7478.12085428887 63040.3480425181 42.0357129378452 30.2132570294134 49.6366701411208
146000 77.9128076156619 324.312296374206 6607.75410654367 898.549250182579 3121.57557677925 16889.6459684396 2661.15206402586 1606.41855980374 749.825107772047 7506.30335672625 63228.544932656 42.0775016831634 30.2432927779469 49.686015186607
147000 76.9399851772817 359.900596969198 6612.7557674113 887.329928233878 3145.28018527093 16887.9982179012 2682.88384769031 1607.42331443202 743.842042556309 7500.08569564518 63291.585981647 42.0914812802717 30.2533406427524 49.7025225942821
148000 76.7551824308681 -133.945827480558 6596.42330537647 885.198643605544 3112.46710621754 16885.0068690041 2647.16276827308 1614.54785076823 739.724372537773 7481.62194898202 63409.4439097471 42.1175918531685 30.2721076719042 49.7333545179843
149000 77.4048416912444 163.411758861069 6587.50809914889 892.691004093499 3104.12495905508 16885.1782384516 2639.12744563482 1607.46699654125 756.579889088876 7480.19910324239 63418.2879920125 42.1195498902669 30.2735150151841 49.7356666101263
150000 75.6658595163413 -626.35657566322 6611.04316004255 872.635750314839 3081.16298221905 16884.5604860044 2615.57408122352 1643.64942595665 759.596249477239 7483.67891035739 63598.3066254721 42.1593656436845 30.3021326716421 49.7826819045195
151000 79.6826156678539 368.602291096432 6600.73746614461 918.960011223419 3127.98035933695 16880.9637915406 2659.87665290791 1605.51895077801 749.340538500753 7519.69747736803 63416.603743555 42.1191770198263 30.2732470137713 49.7352263167242
152000 76.0057928171785 607.15648556498 6641.76816183733 876.55611747817 3146.67126075977 16889.4981742857 2686.47359506027 1596.27741706039 764.143691058769 7518.3242793155 63459.2757297099 42.1286220014068 30.2800356141348 49.7463791532633
153000 76.2638293130287 205.918776495757 6628.89158833203 879.531988929365 3117.87897759575 16891.0482203008 2659.15846399866 1598.87240052942 778.265920699582 7508.42357726139 63273.1271494173 42.0873889241067 30.250399253157 49.697690252474
154000 76.5841264270767 313.987406684369 6605.51456225404 883.22589677932 3115.05316734606 16888.7384191446 2653.59346634403 1600.59581509563 762.964491187967 7488.74045903336 62902.6978477135 42.0050952946679 30.1912505340239 49.6005161723006
155000 75.8382322516349 301.970619031406 6598.65672634733 874.623682681672 3111.69319925649 16882.3946773507 2643.66088411502 1606.15963470689 758.960526753216 7473.280409029 62636.3071283224 41.9457146888659 30.1485705987911 49.5303982811794
156000 76.478904358407 -264.204277795862 6596.007071237 882.0123965372 3063.65554641677 16887.2806477895 2600.06983855641 1653.36082962158 758.588237212378 7478.0194677742 62635.2696366126 41.9454830949044 30.1484041401443 49.5301248100692
157000 78.1175175997266 -300.683816785591 6614.29404696275 900.910120087224 3065.36769367979 16888.653206899 2603.32251305137 1663.58418417261 754.599886293796 7515.20416704997 62587.2868898733 41.9347693566437 30.1407036182501 49.5174737984682
158000 77.208996519773 524.759113592248 6615.35972852302 890.432369892489 3129.79592657335 16883.9089017842 2663.01944368513 1604.82115743949 748.577221392728 7505.79209841551 62565.9145983704 41.9299955215999 30.1372724142782 49.5118367518047
159000 76.6134169750837 406.464883173939 6599.15952936792 883.563697466455 3112.66977844011 16882.8523436873 2644.53852383922 1606.6375139712 746.997368342785 7482.72322683437 62628.8193911902 41.9440431822701 30.1473691999118 49.528424530391
160000 76.8318751552673 -108.292621502731 6593.4205225654 886.083121936029 3087.00785831757 16884.7087071643 2621.0820869165 1627.07276189508 754.707441020772 7479.50364450143 62786.7575378353 41.9792719244541 30.1726899324043 49.5700233836774
161000 77.485067501585 91.8997989678375 6597.34106103848 893.616228635303 3093.2714041195 16883.0543216749 2626.00398563796 1624.03649300322 743.450078946727 7490.95728967378 62735.6436115369 41.9678772289884 30.1644999710879 49.5565682832246
162000 77.405704827706 29.4080085255381 6605.79542590836 892.700958434052 3070.23177661358 16884.6518883556 2605.06960305345 1650.6641650241 749.929502734031 7498.49638434242 62752.2776377359 41.971586088575 30.1671657217117 49.5609477840595
163000 77.2109848942581 -166.508339642587 6604.46649336689 890.455301326451 3082.01315676968 16886.258249987 2617.47300851369 1641.44253242895 752.952717376025 7494.92179469334 62932.5192296209 42.0117322759558 30.1960208782751 49.6083532619536
164000 74.8781969167808 -79.9722396812243 6611.94440898717 863.551831253376 3095.12648822375 16884.6369602574 2629.11732191869 1634.16019795672 748.746711596084 7475.49624024055 63075.9469780762 42.0436239826127 30.2189431094682 49.6460116722181
165000 76.9544814788986 -360.135246931907 6594.29770245119 887.497110515546 3058.80242743158 16881.7767222466 2590.67246749124 1644.85414680961 763.257398925778 7481.79481296673 63155.1575176926 42.0612160295321 30.2315874301686 49.666784738
166000 76.4391372912914 349.057953754525 6622.84972341173 881.553772731536 3134.88371099145 16883.8475917501 2668.93256776553 1610.35326355171 760.795452141832 7504.40349614327 62934.9717493566 42.0122780100497 30.1964131258023 49.6089976764606
167000 76.9715834273057 620.224484224387 6631.31005773957 887.694343080872 3147.12873547843 16882.6731774766 2679.52725118275 1604.78223376779 750.181018048538 7519.00440082044 62911.135817946 42.0069734435577 30.1926004574863 49.6027339307356
168000 77.3993372072054 98.1252822456399 6623.20233682794 892.627522232722 3098.96648703945 16882.0799401502 2630.83136091907 1619.70503383265 771.716738458173 7515.82985906066 62997.9989962633 42.0262979563723 30.2064899916901 49.6255527293518
169000 76.7598549208794 -59.4425393516792 6620.05373263009 885.252530283801 3094.97812268929 16884.1169710846 2628.35299014063 1637.3745249291 760.679920519997 7505.30626291389 63004.8881858814 42.0278298387972 30.2075910354029 49.6273616089282
170000 76.2684150668479 46.3727774443112 6618.08893310903 879.58487530045 3099.78598060661 16885.2734141199 2634.3379554129 1643.31320774214 754.068080082834 7497.67380840948 62935.9321559983 42.0124917156387 30.1965667271434 49.6092500245969
171000 74.7254178111475 67.7803336543503 6617.08815958861 861.789867399018 3084.27677675068 16888.482757869 2622.41898007425 1637.9502614743 749.477524105101 7478.87802698763 63047.0838765995 42.0372100504751 30.214333082263 49.6384379637793
172000 76.524529991189 -247.600141628979 6620.64738960244 882.538585739977 3076.64448736402 16887.1423653932 2612.67237904401 1646.63668130298 743.342125087261 7503.18597534242 63212.6056583848 42.0739656156787 30.24075122201 49.6818397223875
173000 76.3405626515183 -39.4882002144898 6640.72856875894 880.416935652168 3101.85099484131 16888.1712565611 2639.6071656574 1647.16861503357 755.049080663583 7521.14550441111 63310.1431380186 42.0955946331011 30.2562971237447 49.7073797294017
174000 76.9989709481884 36.4371320235336 6637.52702952521 888.010196624167 3106.8846862717 16886.8529906164 2643.75684740353 1635.27896073016 762.810919438204 7525.53722614938 63552.0004124905 42.1491310181005 30.2947765129919 49.7705966394304
175000 76.2935850801247 -323.250119308055 6620.40534271395 879.875154873849 3084.4980744624 16886.1075243266 2620.0991180341 1645.36512690641 766.969302979075 7500.2804975878 63565.0090593784 42.1520066986533 30.2968434144337 49.7739923046173
176000 76.4470891001967 -39.2386630656476 6607.19066619593 881.64547898816 3094.25815827416 16887.0584019904 2630.73123713448 1648.38925930155 748.164489744421 7488.83614518409 63298.9833844872 42.0931210743999 30.2545192482292 49.7044588983103
177000 76.9703011241691 -759.854150022845 6607.87695733791 887.679554594137 3044.15864557003 16882.6968124571 2575.76542272969 1680.01299500451 751.395770915394 7495.55651193205 63252.678412917 42.0828544732508 30.2471401070738 49.6923358757879
178000 76.3804756744451 117.567158571182 6622.60588647377 880.87724273031 3101.34773625458 16876.4765598109 2626.46309116457 1648.78699228378 736.654185578856 7503.48312920408 62966.3090708803 42.0192499355678 30.2014242119231 49.6172302754353
179000 78.5788378499825 -193.560291425404 6605.77547137684 906.230413087141 3047.59454560516 16879.8254522014 2576.54693563423 1658.02612670115 768.496109745066 7512.00588446399 63129.1645786451 42.0554448215424 30.2274393622955 49.6599699720017
180000 76.4575399722421 138.898650041648 6592.16175179005 881.766006325416 3075.80793350005 16884.4787982748 2609.34084039228 1624.59768791999 761.909197033312 7473.92775811546 63000.7006278743 42.0268987053579 30.2069217812865 49.6262621066218
181000 76.4777156678213 297.096765761208 6583.31960863433 881.998687660995 3065.92779400902 16883.121494226 2598.18686180391 1610.35537294338 765.954742272888 7465.31829629533 62895.7988902135 42.0035595790714 30.1901467352112 49.5987027664348
182000 74.8914356281254 272.108985600764 6609.36163696273 863.704510055696 3081.76446427383 16885.6114721314 2616.71128660076 1632.55835074715 757.098240408052 7473.06614701843 62731.9467452411 41.9670528561669 30.1639074513899 49.5555948461429
183000 78.166775949576 48.5423932963998 6599.15111649358 901.478204522594 3081.002257682 16885.3958589337 2615.92722413073 1648.70741721963 755.193952346394 7500.62932101617 62835.5951750484 41.9901533969138 30.1805110136072 49.5828724594153
184000 78.392910951252 -284.685606133383 6591.10788011155 904.086163886584 3030.68936056639 16886.1300956966 2566.42362082583 1666.63755602485 767.671908642604 7495.19404399813 62979.9122453679 42.0222756490527 30.2035989498501 49.6208031027225
185000 76.7047046372839 56.650660780174 6588.56127829945 884.616495625462 3056.39137207961 16885.5982788852 2591.0730807313 1637.3413794564 761.721226891981 7473.17777392492 62770.8493008467 41.9757262053563 30.1701414393505 49.5658365226284
186000 76.9082455411357 644.026591080629 6569.39058165637 886.963882815507 3078.42020395371 16883.4433046432 2610.6621749043 1603.07316273212 746.052773390611 7456.35446447188 62625.0600227995 41.9432039186689 30.1467659774351 49.5274335099589
187000 75.203968355884 163.621398169437 6582.83226800556 867.308873147965 3039.71798600936 16883.4917349084 2572.12036033526 1640.74544202467 768.879897875906 7450.14114115352 62754.3254599691 41.9720426425856 30.1674938708666 49.5614868928156
188000 76.9115862079203 45.3656426442573 6564.01409280569 887.00240990401 3027.48688096642 16880.4673363119 2557.03818775885 1648.58505470142 752.250386075883 7451.0165027097 62734.569519497 41.9676377180412 30.1643278220915 49.5562854635707
189000 77.300442099552 14.2543557689571 6586.42056254116 891.486989276098 3046.43460264439 16880.7740229 2575.81911833106 1650.62166407034 761.760701440054 7477.90755181726 62854.7664971744 41.9944234018294 30.1835800886154 49.5879145726729
190000 78.8776769896756 -274.858647005258 6580.14738121418 909.676851395732 3039.37461740453 16879.8045405912 2568.68721462689 1661.25615884563 756.044906501233 7489.82423260991 62745.8212396179 41.9701465946693 30.1661310824412 49.5592479988269
191000 77.28335557608 -423.276819054295 6579.25637042134 891.289934602755 3025.26534678457 16882.1023484545 2557.18151849368 1662.05540934072 768.878904335963 7470.5463050241 62598.9813040991 41.9373810266639 30.1425807615671 49.5205577143664
192000 78.0656102382419 712.833296802328 6556.0689688786 900.311485252101 3069.54485867598 16874.3592588037 2593.30826066349 1599.50383785272 758.248346866471 7456.3804541307 62152.5649185504 41.8374528052032 30.0707571423518 49.4025603302427
193000 77.6263458567522 57.0124875111972 6551.97534539996 895.245557162761 3037.0841444871 16881.3720422847 2567.65682096046 1636.31949114492 770.413310285183 7447.22090256272 62135.2462991781 41.8335664854059 30.0679638418288 49.3979712805901
194000 78.2625754165052 544.766421825586 6552.62790960857 902.583036216014 3045.07495135911 16883.1606245829 2576.97429554124 1621.53319350766 758.027274552825 7455.21094582458 62067.4379547976 41.8183432556265 30.0570221134272 49.379995364822
195000 76.4607950405148 -225.098621256333 6578.44697502809 881.80354622733 3020.25260390223 16884.7311070032 2554.00623967366 1660.75489111786 770.105761137789 7460.25052125542 62323.4076471341 41.8757514956489 30.0982844066104 49.4477842441873
196000 77.2213002502191 196.32090876056 6568.77990912771 890.574265790033 3050.00717275823 16884.832369372 2584.13121575187 1627.28024714046 758.978025427757 7459.35417491774 62221.0971569414 41.8528244480731 30.0818055429749 49.4207114953679
197000 77.2530405364959 283.943462154044 6560.53402684014 890.940318706201 3050.20673198724 16880.8693857223 2580.38796465666 1626.0877914027 768.876395765804 7451.47434554634 62044.570870203 41.8132070087472 30.0533304251871 49.3739303745015
198000 76.2116009261071 -51.1756353064943 6558.71588510654 878.929651786824 3026.24972355523 16878.6812619429 2553.46025117778 1651.90699170591 763.774743076916 7437.64553689336 61991.6642304608 41.8013186445102 30.0447856384034 49.3598923393901
199000 75.7517785501542 -504.460498888296 6547.40895470994 873.626633402891 3002.85274723484 16881.6433487901 2533.551414734 1663.04551550562 753.934400280248 7421.03558811283 61843.5405212585 41.7679985491716 30.0208367498428 49.3205472571778
200000 75.2895691679563 101.047745524513 6567.32889828879 868.29608626294 3030.94932088022 16881.7783656479 2562.04793768885 1642.56908531277 755.244630239703 7435.62498455173 61545.5756021335 41.7008105056508 29.9725452023389 49.2412101763819
201000 77.4677318012283 166.924062194059 6569.55022299694 893.416300266225 3033.71062968583 16881.0292703056 2563.97780145975 1637.87181582201 764.820851862619 7462.96652326316 61633.7696721422 41.7207199187525 29.9868551348536 49.2647196377841
202000 76.9978968462468 521.966753613572 6569.88387151063 887.997809270614 3048.97609341264 16880.1805459067 2578.49549390598 1624.96398201377 759.687116727217 7457.88168078124 61700.9865059509 41.7358810653915 29.9977522408677 49.2826222444506
203000 75.0229162085781 401.586675770628 6584.80484679263 865.220843256806 3038.89137389889 16884.9213087975 2573.42755906332 1639.22161219586 778.575433653079 7450.02569004944 61657.7149989563 41.7261221894597 29.9907380282795 49.2710987547386
204000 76.9221663933745 495.763236352819 6583.34962754183 887.12442858101 3068.12655791494 16886.303818229 2604.11427681604 1630.65126353806 751.800579255976 7470.47405612284 61585.9070824768 41.7099175137887 29.9790908835802 49.2519639266409
205000 78.8446315021099 -235.756737747625 6574.68417195224 909.295745914069 3000.63719398834 16883.069973872 2533.03683127162 1659.34648644728 761.079279591254 7483.97991786631 61790.0245319897 41.755947164828 30.012174792015 49.306316724433
206000 77.6240092981055 -324.496039601183 6575.31052056511 895.218610206487 2988.67819897209 16878.018929924 2516.06849694352 1674.4909036341 793.022730699685 7470.5291307716 61815.7238747438 41.7617353249084 30.0163350442389 49.3131515078239
207000 78.4365083628063 -82.3202117431831 6542.53520878342 904.588962112715 2998.63710248184 16877.2167585851 2524.88006151046 1650.25868500867 771.236001629353 7447.12417089614 61689.8322666529 41.7333659242964 29.995944477919 49.2796523119768
208000 76.4369984442986 366.254824110298 6552.64176363699 881.529105935146 3021.74724870725 16881.9047033056 2552.80610275549 1616.07953222262 768.841487027358 7434.17086957214 61621.4117207267 41.7179313117086 29.9848508176794 49.2614267908608
209000 75.4229990337988 -66.1837389625668 6569.46308536165 869.834900093089 2995.29403595246 16883.0019608272 2527.1744170194 1660.0401148451 775.578551063637 7439.29798545474 61499.7108705713 41.6904492313334 29.9650980146447 49.2289753617534
210000 77.0490956914852 -652.347787062451 6573.67217725482 888.588272962106 2971.63394469912 16884.1128904821 2504.69767492983 1692.79704102794 776.68526906504 7462.26045021693 61399.8629228606 41.6678748129111 29.9488726039543 49.2023190049906
