    0     0 
    1     1 
    2     2 
    3     3 
    4     4 
    5     5 
    6     6 
    7     7 
    8     8 
    9     9 
   10    10 
   11    11 
   12    12 
   13    13 
   14    14 
   15    15 
   16    16 
   17    17 
   18    18 
   19    19 
   20    20 
   21    21 
   22    22 
   23    23 
   24    24 
   25    25 
   26    26 
   27    27 
   28    28 
   29    29 
   30    30 
   31    31 
   32    32 
   33    33 
   34    34 
   35    35 
   36    36 
   37    37 
   38    38 
   39    39 
   40    40 
   41    41 
   42    42 
   43    43 
   44    44 
   45    45 
   46    46 
   47    47 
   48    48 
   49    49 
   50    50 
   51    51 
   52    52 
   53    53 
   54    54 
   55    55 
   56    56 
   57    57 
   58    58 
   59    59 
   60    60 
   61    61 
   62    62 
   63    63 
   64    64 
   65    65 
   66    66 
   67    67 
   68    68 
   69    69 
   70    70 
   71    71 
   72    72 
   73    73 
   74    74 
   75    75 
   76    76 
   77    77 
   78    78 
   79    79 
   80    80 
   81    81 
   82    82 
   83    83 
   84    84 
   85    85 
   86    86 
   87    87 
  318   120 
  321   121 
  329   122 
  332   123 
  340   124 
  343   125 
  351   126 
  354   127 
  362   128 
  365   129 
  373   130 
  376   131 
  384   132 
  387   133 
  395   134 
  398   135 
  406   136 
  409   137 
  417   138 
  420   139 
  428   140 
  431   141 
  439   142 
  442   143 
  450   144 
  453   145 
  461   146 
  464   147 
  472   148 
  475   149 
  483   150 
  486   151 
   88   152 
   89   153 
   90   154 
   91   155 
   92   156 
   93   157 
   94   158 
   95   159 
   96   160 
   97   161 
   98   162 
   99   163 
  100   164 
  101   165 
  102   166 
  103   167 
  104   168 
  105   169 
  106   170 
  107   171 
  108   172 
  109   173 
  110   174 
  111   175 
  112   176 
  113   177 
  114   178 
  115   179 
  116   180 
  117   181 
  118   182 
  119   183 
  120   184 
  121   185 
  122   186 
  123   187 
  124   188 
  125   189 
  126   190 
  127   191 
  128   192 
  129   193 
  130   194 
  131   195 
  132   196 
  133   197 
  134   198 
  135   199 
  136   200 
  137   201 
  138   202 
  139   203 
  140   204 
  141   205 
  142   206 
  143   207 
  144   208 
  145   209 
  146   210 
  147   211 
  148   212 
  149   213 
  150   214 
  151   215 
  152   216 
  153   217 
  154   218 
  155   219 
  156   220 
  157   221 
  158   222 
  159   223 
  160   224 
  161   225 
  162   226 
  163   227 
  164   228 
  165   229 
  166   230 
  167   231 
  168   232 
  169   233 
  170   234 
  171   235 
  172   236 
  173   237 
  174   238 
  175   239 
  176   240 
  177   241 
  178   242 
  179   243 
  180   244 
  181   245 
  182   246 
  183   247 
  184   248 
  185   249 
  186   250 
  187   251 
  188   252 
  189   253 
  190   254 
  191   255 
  192   256 
  193   257 
  194   258 
  195   259 
  196   260 
  197   261 
  198   262 
  199   263 
  200   264 
  201   265 
  202   266 
  203   267 
  204   268 
  205   269 
  206   270 
  207   271 
  208   272 
  209   273 
  210   274 
  211   275 
  212   276 
  213   277 
  214   278 
  215   279 
  216   280 
  217   281 
  218   282 
  219   283 
  220   284 
  221   285 
  222   286 
  223   287 
  224   288 
  225   289 
  226   290 
  227   291 
  228   292 
  229   293 
  230   294 
  231   295 
  232   296 
  233   297 
  234   298 
  235   299 
  236   300 
  237   301 
  238   302 
  239   303 
  240   304 
  241   305 
  242   306 
  243   307 
  244   308 
  245   309 
  246   310 
  247   311 
  248   408 
  249   409 
  250   410 
  251   411 
  252   412 
  253   413 
  254   414 
  255   415 
  256   416 
  257   417 
  258   418 
  259   419 
  260   420 
  261   421 
  262   422 
  263   423 
  264   424 
  265   425 
  266   426 
  267   427 
  268   428 
  269   429 
  270   430 
  271   431 
  272   432 
  273   433 
  274   434 
  275   435 
  276   436 
  277   437 
  278   438 
  279   439 
  312   312 
  313   313 
  314   314 
  315   315 
  316   316 
  317   317 
  323    88 
  324   440 
  325   441 
  326    89 
  327   472 
  328   318 
  334   319 
  335   320 
  336   321 
  337   322 
  338   323 
  339    90 
  345   442 
  346   443 
  347    91 
  348   473 
  349   324 
  350   325 
  356   326 
  357   327 
  358   328 
  359   329 
  360    92 
  361   444 
  367   445 
  368    93 
  369   474 
  370   330 
  371   331 
  372   332 
  378   333 
  379   334 
  380   335 
  381    94 
  382   446 
  383   447 
  389    95 
  390   475 
  391   336 
  392   337 
  393   338 
  394   339 
  400   340 
  401   341 
  402    96 
  403   448 
  404   449 
  405    97 
  411   476 
  412   342 
  413   343 
  414   344 
  415   345 
  416   346 
  422   347 
  423    98 
  424   450 
  425   451 
  426    99 
  427   477 
  433   348 
  434   349 
  435   350 
  436   351 
  437   352 
  438   353 
  444   100 
  445   452 
  446   453 
  447   101 
  448   478 
  449   354 
  455   355 
  456   356 
  457   357 
  458   358 
  459   359 
  460   102 
  466   454 
  467   455 
  468   103 
  469   479 
  470   360 
  471   361 
  477   362 
  478   363 
  479   364 
  480   365 
  481   104 
  482   456 
  280   457 
  281   105 
  282   480 
  283   366 
  284   367 
  285   368 
  286   369 
  287   370 
  288   371 
  289   106 
  290   458 
  291   459 
  292   107 
  293   481 
  294   372 
  295   373 
  296   374 
  297   375 
  298   376 
  299   377 
  300   108 
  301   460 
  302   461 
  303   109 
  304   482 
  305   378 
  306   379 
  307   380 
  308   381 
  309   382 
  310   383 
  311   110 
  319   462 
  320   463 
  330   111 
  331   483 
  341   384 
  342   385 
  352   386 
  353   387 
  363   388 
  364   389 
  374   112 
  375   464 
  385   465 
  386   113 
  396   484 
  397   390 
  407   391 
  408   392 
  418   393 
  419   394 
  429   395 
  430   114 
  440   466 
  441   467 
  451   115 
  452   485 
  462   396 
  463   397 
  473   398 
  474   399 
  484   400 
  485   401 
  322   116 
  333   468 
  344   469 
  355   117 
  366   486 
  377   402 
  388   403 
  399   404 
  410   405 
  421   406 
  432   407 
  443   118 
  454   470 
  465   471 
  476   119 
  487   487 
