    0     0 
    2   144 
    4     1 
    6   145 
    8     2 
   10   146 
   12     3 
   14   147 
   16     4 
   18   148 
   20     5 
   22   149 
   24     6 
   26   150 
   28     7 
   30   151 
   32     8 
   34   152 
   36     9 
   38   153 
   40    10 
   42   154 
   44    11 
   46   155 
   48    12 
   50   156 
   52    13 
   54   157 
   56    14 
   58   158 
   60    15 
   62   159 
   64    16 
   66   160 
   68    17 
   70   161 
   72    18 
   74   162 
   76    19 
   78   163 
   80    20 
   82   164 
   84    21 
   86   165 
   88    22 
   90   166 
   92    23 
   94   167 
  115    24 
  116   168 
  126    25 
  127   169 
  137    26 
  138   170 
  148    27 
  149   171 
  159    28 
  160   172 
  170    29 
  171   173 
  181    30 
  182   174 
  192    31 
  193   175 
  203    32 
  204   176 
  214    33 
  215   177 
  225    34 
  226   178 
  236    35 
  237   179 
  247    36 
  248   180 
  258    37 
  259   181 
  269    38 
  270   182 
  280    39 
  281   183 
  291    40 
  292   184 
  302    41 
  303   185 
  313    42 
  314   186 
  324    43 
  325   187 
  335    44 
  336   188 
  346    45 
  347   189 
  357    46 
  358   190 
  368    47 
  369   191 
  379   192 
  380   193 
  390   194 
  391   195 
  401   196 
  402   197 
  412   198 
  413   199 
  423   200 
  424   201 
  434   202 
  435   203 
  445   204 
  446   205 
  456   206 
  457   207 
  467   208 
  468   209 
  478   492 
  479    48 
  489    49 
  490   493 
  500   588 
  501   210 
  511   211 
  512   212 
  522   213 
  523   214 
  533   215 
  534   494 
  544    50 
  545    51 
  555   495 
  556   589 
  566   216 
  567   217 
  577   218 
  578   219 
  588   220 
  589   221 
  599   496 
  600    52 
  610    53 
  611   497 
  621   590 
  622   222 
  632   223 
  633   224 
    1   225 
    3   226 
    5   227 
    7   498 
    9    54 
   11    55 
   13   499 
   15   591 
   17   228 
   19   229 
   21   230 
   23   231 
   25   232 
   27   233 
   29   500 
   31    56 
   33    57 
   35   501 
   37   592 
   39   234 
   41   235 
   43   236 
   45   237 
   47   238 
   49   239 
   51   502 
   53    58 
   55    59 
   57   503 
   59   593 
   61   240 
   63   241 
   65   242 
   67   243 
   69   244 
   71   245 
   73   504 
   75    60 
   77    61 
   79   505 
   81   594 
   83   246 
   85   247 
   87   248 
   89   249 
   91   250 
   93   251 
   95   506 
   96    62 
   97    63 
   98   507 
   99   595 
  100   252 
  101   253 
  102   254 
  103   255 
  104   256 
  105   257 
  106   508 
  107    64 
  108    65 
  109   509 
  110   596 
  111   258 
  112   259 
  113   260 
  119   261 
  120   262 
  121   263 
  122   510 
  123    66 
  124    67 
  130   511 
  131   597 
  132   264 
  133   265 
  134   266 
  135   267 
  141   268 
  142   269 
  143   512 
  144    68 
  145    69 
  146   513 
  152   598 
  153   270 
  154   271 
  155   272 
  156   273 
  157   274 
  163   275 
  164   514 
  165    70 
  166    71 
  167   515 
  168   599 
  174   276 
  175   277 
  176   278 
  177   279 
  178   280 
  179   281 
  185   516 
  186    72 
  187    73 
  188   517 
  189   600 
  190   282 
  196   283 
  197   284 
  198   285 
  199   286 
  200   287 
  201   518 
  207    74 
  208    75 
  209   519 
  210   601 
  211   288 
  212   289 
  218   290 
  219   291 
  220   292 
  221   293 
  222   520 
  223    76 
  229    77 
  230   521 
  231   602 
  232   294 
  233   295 
  234   296 
  240   297 
  241   298 
  242   299 
  243   522 
  244    78 
  245    79 
  251   523 
  252   603 
  253   300 
  254   301 
  255   302 
  256   303 
  262   304 
  263   305 
  264   524 
  265    80 
  266    81 
  267   525 
  273   604 
  274   306 
  275   307 
  276   308 
  277   309 
  278   310 
  284   311 
  285   526 
  286    82 
  287    83 
  288   527 
  289   605 
  295   312 
  296   313 
  297   314 
  298   315 
  299   316 
  300   317 
  306   528 
  307    84 
  308    85 
  309   529 
  310   606 
  311   318 
  317   319 
  318   320 
  319   321 
  320   322 
  321   323 
  322   530 
  328    86 
  329    87 
  330   531 
  331   607 
  332   324 
  333   325 
  339   326 
  340   327 
  341   328 
  342   329 
  343   532 
  344    88 
  350    89 
  351   533 
  352   608 
  353   330 
  354   331 
  355   332 
  361   333 
  362   334 
  363   335 
  364   534 
  365    90 
  366    91 
  372   535 
  373   609 
  374   336 
  375   337 
  376   338 
  377   339 
  383   340 
  384   341 
  385   536 
  386    92 
  387    93 
  388   537 
  394   610 
  395   342 
  396   343 
  397   344 
  398   345 
  399   346 
  405   347 
  406   538 
  407    94 
  408    95 
  409   539 
  410   611 
  416   348 
  417   349 
  418   350 
  419   351 
  420   352 
  421   353 
  427   540 
  428    96 
  429    97 
  430   541 
  431   612 
  432   354 
  438   355 
  439   356 
  440   357 
  441   358 
  442   359 
  443   542 
  449    98 
  450    99 
  451   543 
  452   613 
  453   360 
  454   361 
  460   362 
  461   363 
  462   364 
  463   365 
  464   544 
  465   100 
  471   101 
  472   545 
  473   614 
  474   366 
  475   367 
  476   368 
  482   369 
  483   370 
  484   371 
  485   546 
  486   102 
  487   103 
  493   547 
  494   615 
  495   372 
  496   373 
  497   374 
  498   375 
  504   376 
  505   377 
  506   548 
  507   104 
  508   105 
  509   549 
  515   616 
  516   378 
  517   379 
  518   380 
  519   381 
  520   382 
  526   383 
  527   550 
  528   106 
  529   107 
  530   551 
  531   617 
  537   384 
  538   385 
  539   386 
  540   387 
  541   388 
  542   389 
  548   552 
  549   108 
  550   109 
  551   553 
  552   618 
  553   390 
  559   391 
  560   392 
  561   393 
  562   394 
  563   395 
  564   554 
  570   110 
  571   111 
  572   555 
  573   619 
  574   396 
  575   397 
  581   398 
  582   399 
  583   400 
  584   401 
  585   556 
  586   112 
  592   113 
  593   557 
  594   620 
  595   402 
  596   403 
  597   404 
  603   405 
  604   406 
  605   407 
  606   558 
  607   114 
  608   115 
  614   559 
  615   621 
  616   408 
  617   409 
  618   410 
  619   411 
  625   412 
  626   413 
  627   560 
  628   116 
  629   117 
  630   561 
  114   622 
  117   414 
  125   415 
  128   416 
  136   417 
  139   418 
  147   419 
  150   562 
  158   118 
  161   119 
  169   563 
  172   623 
  180   420 
  183   421 
  191   422 
  194   423 
  202   424 
  205   425 
  213   564 
  216   120 
  224   121 
  227   565 
  235   624 
  238   426 
  246   427 
  249   428 
  257   429 
  260   430 
  268   431 
  271   566 
  279   122 
  282   123 
  290   567 
  293   625 
  301   432 
  304   433 
  312   434 
  315   435 
  323   436 
  326   437 
  334   568 
  337   124 
  345   125 
  348   569 
  356   626 
  359   438 
  367   439 
  370   440 
  378   441 
  381   442 
  389   443 
  392   570 
  400   126 
  403   127 
  411   571 
  414   627 
  422   444 
  425   445 
  433   446 
  436   447 
  444   448 
  447   449 
  455   572 
  458   128 
  466   129 
  469   573 
  477   628 
  480   450 
  488   451 
  491   452 
  499   453 
  502   454 
  510   455 
  513   574 
  521   130 
  524   131 
  532   575 
  535   629 
  543   456 
  546   457 
  554   458 
  557   459 
  565   460 
  568   461 
  576   576 
  579   132 
  587   133 
  590   577 
  598   630 
  601   462 
  609   463 
  612   464 
  620   465 
  623   466 
  631   467 
  634   578 
  118   134 
  129   135 
  140   579 
  151   631 
  162   468 
  173   469 
  184   470 
  195   471 
  206   472 
  217   473 
  228   580 
  239   136 
  250   137 
  261   581 
  272   632 
  283   474 
  294   475 
  305   476 
  316   477 
  327   478 
  338   479 
  349   582 
  360   138 
  371   139 
  382   583 
  393   633 
  404   480 
  415   481 
  426   482 
  437   483 
  448   484 
  459   485 
  470   584 
  481   140 
  492   141 
  503   585 
  514   634 
  525   486 
  536   487 
  547   488 
  558   489 
  569   490 
  580   491 
  591   586 
  602   142 
  613   143 
  624   587 
  635   635 
