# Fix print output for fix thermo_output
11000 38.9576015274509 -148.519149296379 5650.25491126176 250.714328728792 3450.45957391609 168.845682319603 3104.50746213712 1166.98219322461 445.339523873216 5900.96923999055 82337.4486957045 43.2946438944165 39.4274734450952 48.2352224889297
12000 50.12854358936 30.9439529929994 5695.90974822118 322.605696023216 3478.86744988954 163.405642522295 3127.41011881136 1173.6913593417 435.287752094013 6018.51544424439 80355.1771736762 42.9443787287406 39.1084947152527 47.8449867304902
13000 62.0896725547414 -418.642409347791 5755.0438196475 399.582365577193 3476.85096020907 160.988948898281 3122.87370263628 1217.00976850022 408.808275212067 6154.62618522469 78872.2322436013 42.6785589905822 38.8664185662263 47.5488329096317
14000 79.8190121556766 -119.492481999422 5779.30250913268 513.680752094165 3500.88612214128 164.515289396538 3150.46273366519 1196.60184052049 436.96062117132 6292.98326122684 77975.6835109215 42.5162318495731 38.7185908336052 47.3679817682836
15000 82.069322677983 161.593209361544 5830.18725191535 528.16278050225 3528.50303162289 169.246746698947 3182.82849668516 1184.55982171004 480.459354889435 6358.3500324176 77472.8965738448 42.4246532285304 38.6351922114087 47.2659526311004
16000 83.7026633568726 -349.693477372474 5797.1885175233 538.674256975068 3447.95771862159 172.508316895481 3105.57951251699 1201.79426364665 505.992747426499 6335.86277449837 76255.6944120733 42.2012968093877 38.4317864666701 47.0171078410162
17000 63.7750246089926 -82.6942213109783 5866.35339308837 410.428564839629 3481.32576700773 172.663928628623 3139.06099512693 1187.16018488291 535.534418878926 6276.78195792799 74129.3008549027 41.8053314720035 38.0711896024719 46.575956824895
18000 62.287493021863 -248.178926384577 5922.86594481537 400.855452822779 3449.67801090112 177.733722458986 3112.42319721596 1182.79131038038 542.312387968984 6323.72139763814 72024.276378619 41.4058150391102 37.707358834232 46.1308494791552
19000 81.7112717870319 180.052291827245 5916.52360646952 525.858519324561 3473.65913157947 178.944266417162 3137.59487673591 1180.46813143409 542.618955817535 6442.38212579408 69648.7457502716 40.9454960167617 37.2881564942341 45.6180010419904
20000 87.4544345317215 -984.296481905651 5908.55740815246 562.819038860151 3401.32283212371 176.97764450172 3063.18073873141 1271.12481914935 554.349825889206 6471.37644701261 67870.2590826628 40.5939711671232 36.9680305981024 45.2263618504532
21000 73.8082623836529 -947.553950019265 5889.83884310898 474.99815780797 3377.65762130462 176.592078677655 3039.23661474922 1246.7000021879 542.466075679923 6364.83700091695 65009.4432457785 40.0154021131262 36.4411405729008 44.5817692511281
22000 65.3491416971538 -194.424676312854 5918.0382720008 420.55890381393 3427.46818004544 177.571576661896 3089.96333737614 1234.24301905124 526.585438409176 6338.59717581473 63386.3261325772 39.6795644909327 36.1353006874135 44.2076074387302
23000 71.1859720823499 -7.99762254934982 5939.82738994203 458.122227903508 3432.68482241296 171.551097339536 3089.07729089649 1213.29729812918 522.12624892904 6397.94961784554 61784.9753490906 39.3425642271515 35.8284020099782 43.8321503096231
24000 87.8331419351262 155.585756643998 5923.57347633719 565.256236446926 3440.65051958935 164.159969818926 3089.64808883312 1216.56965230145 515.482555589268 6488.82971278411 60263.2778252383 39.0168873658945 35.5318153044678 43.4693087558153
25000 80.0507373783099 674.934420343735 5978.16668077589 515.172035729815 3453.97835466712 168.221902074998 3106.99547703618 1185.7734361764 536.833897663409 6493.3387165057 59148.7533488477 38.7748597039587 35.3114060723875 43.1996620496217
26000 74.9909561903681 241.864829292646 5973.47268743472 482.609465286264 3454.46082116816 165.970887202273 3105.29337325856 1201.25790722852 514.044616354885 6456.08215272099 58955.1500928564 38.7325080393968 35.2728373493386 43.1524774147766
27000 64.6787857605443 -649.064124525291 6036.80200591314 416.244781997731 3391.96483699463 174.41384648958 3051.44664166066 1248.35919323547 561.191112661566 6453.04678791087 59092.0962257389 38.7624752568827 35.3001278306861 43.18586434842
28000 78.2858083125215 1107.32967774608 6030.78511945412 503.813713126939 3428.55173467462 174.744211833537 3088.20101601423 1170.68513585879 561.502216520153 6534.59883258106 58221.2014635467 38.5711059012345 35.125851996326 42.9726568331959
29000 89.4401209934021 667.254523710492 5988.80395502958 575.598060894023 3430.850968354 173.733251614154 3089.5366978481 1194.77638300033 521.085874697926 6564.40201592361 58709.3572691562 38.6786058579661 35.2237498263605 43.0924241730807
30000 79.5524791066552 424.519036792593 5974.48753861848 511.965460293608 3426.49696890013 174.133835463199 3085.51516859424 1182.53086241231 562.550606578347 6486.45299891208 59205.7653260952 38.7873137367547 35.3227476842633 43.2135372773357
31000 65.3388299444026 457.111091831451 5992.57126305409 420.492541818641 3472.41147414768 169.130246106302 3126.39604277387 1187.87429319749 555.158799685298 6413.06380487273 59441.8234305299 38.8387947478942 35.3696303010735 43.2708930563167
32000 79.3150209857963 55.0747138520544 5925.65373184393 510.437282196442 3419.68267162964 170.94844909296 3075.651340077 1192.83211218963 535.299910210292 6436.09101404037 59564.3573095024 38.8654639711934 35.3939173721485 43.3006056443815
33000 78.0171451904917 307.716716426987 5986.31710419077 502.084713094778 3407.00131744689 170.346529202237 3062.44271447873 1205.75415350127 539.18620802462 6488.40181728554 58996.8160947087 38.7416305034632 35.2811449753493 43.1626408910019
34000 79.0937722799417 465.331907080339 6015.19608053236 509.013420906333 3461.2438168032 170.882043821837 3117.30288432691 1244.00828004034 560.226950554067 6524.20950143869 58654.7839323166 38.6666175647845 35.2128323532379 43.0790678329687
35000 84.5213586362143 369.788542864834 5967.39919010814 543.943026851698 3432.37923007727 173.652915629889 3091.09198273539 1197.89537523331 520.142685236387 6511.34221695983 58266.4130122879 38.5810874210736 35.1349419454047 42.9837773965469
36000 85.827953714676 -955.212148359062 5872.97314187225 552.351709500861 3326.7937519719 176.477212420512 2988.27240657818 1249.71652849627 565.51228525184 6425.32485137311 58280.5151824604 38.5841997525401 35.1377762767495 42.9872448924598
37000 67.4817215268907 -87.2341572260417 5893.95219363365 434.283268238581 3375.39960099741 171.891877945982 3032.19991304696 1207.29623510002 545.237503313365 6328.23546187223 57637.9141528827 38.4418655271135 35.0081556496113 42.828668163016
38000 70.1774162657736 -707.383124994575 5862.67628710358 451.631597458503 3367.90610236622 169.50453204634 3022.23440304946 1249.59913021305 508.926765114757 6314.30788456209 58212.9716476351 38.5692884186501 35.1241968551841 42.9706319481541
39000 73.992424410482 -62.6128462783119 5888.57208702767 476.183345220014 3371.78455591594 171.25566360142 3028.04349456294 1222.97031922135 518.01630019071 6364.75543224769 57917.6825950005 38.5039627700669 35.0647062336405 42.897851647632
40000 75.7883397528317 -243.233024144053 5957.01445781348 487.741082140591 3372.01699321696 178.916863858467 3035.92707559979 1233.11000787632 545.240186423864 6444.75553995407 57972.6002820462 38.5161287758792 35.0757855457203 42.9114059800938
41000 79.535658724664 209.601358176839 5985.30307398898 511.857211566413 3384.32076288947 173.081932860208 3042.33665013422 1227.85925599287 531.709115819857 6497.1602855554 57283.219283484 38.3628481060678 34.9361962340869 42.7406336501573
42000 85.6997628417255 -800.627983668712 5965.39630179225 551.5267283059 3362.82644650819 175.907785799038 3023.65795515397 1277.24745592401 563.335086726466 6516.92303009815 57425.9403935359 38.3946820211048 34.9651866755567 42.7761002999869
43000 85.5025564648616 -308.577702702701 5897.65529769258 550.257593080477 3369.78907882306 171.984741439417 3026.63723998712 1235.25177877003 541.839355000046 6447.91289077305 56204.3625287639 38.1204815988349 34.7154784230984 42.4706094312554
44000 66.5802674469163 -332.100140286262 5914.73686609513 428.481898398568 3375.61966845932 172.473295946176 3033.00923013336 1238.96522738654 539.59502206997 6343.2187644937 54870.2480475361 37.8164430758429 34.4385972730701 42.1318754798345
45000 70.0096293297063 918.816299823061 5901.76643192619 450.551793071266 3413.01545499331 170.77548679559 3068.68533407667 1181.76274697647 575.061143220016 6352.31822499746 53623.9349626246 37.5279288416344 34.175853749055 41.8104373751067
46000 76.6791851797599 -9.30416691183144 5933.56063080823 493.474179263012 3384.89604936988 171.06346785176 3040.81640161097 1241.53471922884 554.843821955535 6427.03481007124 53588.5959291967 37.5196831943091 34.1683446206335 41.8012507737739
47000 86.7902889022542 -484.620673395914 5927.01991164149 558.544883903442 3349.26153401453 172.069230059502 3006.18561301565 1279.22577388798 544.31195771013 6485.56479554494 53711.103839877 37.5482524556937 34.194362014317 41.8330802232227
48000 75.1271274450628 -798.432441246196 5949.28117499927 483.485804777772 3346.30930026391 165.78227097234 2996.82382122929 1284.80915338822 543.898266745718 6432.76697977704 53413.6467491483 37.4788088638441 34.1311212730313 41.7557120593578
49000 72.9580583102343 -196.87181321538 5916.10292820094 469.526610916166 3327.28927397474 167.721360867377 2979.70088176587 1225.71494536195 581.455301112358 6385.62953911711 52261.7672364921 37.2074351673547 33.8839872571443 41.453370488892
50000 72.9979428580776 -876.512015347482 5929.2942861562 469.783290671776 3313.34234742606 167.049590234523 2965.10681050266 1280.56014617617 563.958414120579 6399.07757682798 52630.4963711496 37.2947349686447 33.9634892529459 41.5506325277885
51000 76.4907577560009 -786.438668691879 5959.58039115188 492.261541595147 3309.40477483694 168.534116958874 2962.60713608678 1283.7840623704 594.433728392407 6451.84193274702 53071.850962355 37.3986950016328 34.0581633528175 41.6664559846892
52000 83.1269140423764 -232.180324550561 5947.12049924233 534.968982593681 3320.77136675089 165.717516032286 2971.26616345971 1247.88601781456 553.77249931403 6482.08948183601 53328.0676019652 37.4587820280973 34.112883277206 41.7333998564828
53000 77.0311886525451 84.5242721262708 5941.25273148225 495.739521864438 3365.72642795882 167.280337647411 3017.92277449869 1223.58872583734 554.239914206712 6436.99225334669 53753.6068031872 37.5581541402335 34.2033792591567 41.8441118408513
54000 75.0695167302233 761.841559053496 5881.90737676031 483.115047053162 3358.41285648336 167.495377562765 3010.78951642208 1180.62750511152 549.485654927668 6365.02242381347 53089.9287780356 37.402940880583 34.0620299807535 41.6711863831261
55000 69.8922554659554 -188.753364133602 5895.1833606168 449.796425484279 3308.36039388387 172.195139362215 2965.46521879549 1219.85681013275 553.310445662366 6344.97978610108 52834.4808370978 37.3428549739862 34.007311076204 41.6042437589942
56000 77.2515747862125 -1045.32568524904 5881.82938027646 497.157832011807 3259.58655779823 173.618554242199 2918.15353578669 1262.4842285123 574.554539268129 6378.98721228826 52693.6408497808 37.3096440396395 33.9770666137427 41.5672429509684
57000 77.6756496126599 127.742339483867 5923.55967498825 499.886994775296 3290.22485597738 173.018139107502 2948.14888024611 1241.7222146035 565.272857755305 6423.44666976355 51796.5306368384 37.0966985003813 33.7831418267686 41.3299970808053
58000 77.6995067568889 -1167.26230915895 5968.17937570347 500.04052907069 3228.41228760647 173.733037394821 2887.06400828775 1293.81326101951 627.100885312011 6468.21990477417 52086.056547752 37.1656896426619 33.845970532251 41.4068611637109
59000 77.7198355131739 9.09531695137611 5979.71302431986 500.171356182372 3291.51427864459 172.222652113913 2948.75979747557 1243.29327489357 603.876105300086 6479.88438050224 51490.9103891165 37.0235927406684 33.7165660303074 41.2485488399196
60000 76.2469049535386 -89.2943648588037 5963.48897706995 490.692210083943 3281.53698649806 171.329740562715 2937.72562952081 1251.75404829167 593.413839524083 6454.18118715389 51144.2570339676 36.940320680821 33.6407320094444 41.1557741691394
61000 77.193312391289 -1077.44656792339 5919.53105244122 496.782880355118 3210.87083737685 171.997286371126 2867.65825729699 1275.88770359415 588.595420546242 6416.31393279633 50843.9847504694 36.8678854826073 33.5747668784911 41.0750730110381
62000 77.4453656413341 -145.589332671464 5897.76803391856 498.404986411735 3206.15789474793 175.963526669479 2866.92290192259 1232.86568117642 613.159635589763 6396.17302033029 50024.9678448339 36.6688516342874 33.3935111603833 40.8533263677359
63000 79.8838651661973 -699.324612789776 5872.88624347203 514.098118111611 3168.36084827429 170.713231947335 2823.94074910516 1272.09169449855 580.623091159401 6386.98436158364 49713.8830102245 36.5926839951943 33.3241469781754 40.7684668403752
64000 75.4564745349406 2.98784682037445 5883.40434793261 485.60534066602 3223.8439481213 167.384139745836 2876.212700347 1225.97265759001 574.288774134442 6369.00968859863 49726.4786053106 36.5957741293977 33.3269610949642 40.7719096059789
65000 74.5511397921517 800.249478364392 5889.56505392581 479.778996553094 3255.73277836804 168.739227760408 2909.33769660613 1211.99957509861 580.495510085814 6369.34405047891 49555.5057936369 36.5537839781882 33.2887215941194 40.7251277386684
66000 77.9877836036758 231.056948331818 5887.44014404646 501.895754579871 3253.42262366461 166.879959109594 2905.13431845256 1223.9074574184 559.704919153561 6389.33589862633 49539.5290595267 36.5498552330298 33.2851437729051 40.720750663821
67000 77.6882556703245 -199.348463074292 5892.78162072948 499.968121927928 3195.97187576763 172.395788897823 2853.29996633673 1242.04039668456 590.866346574893 6392.74974265741 49416.9377750421 36.5196813841631 33.2576651169349 40.6871335190077
68000 75.1070082335908 -160.384435657956 5880.54199121616 483.356326206171 3187.75932835083 172.160331756764 2844.94409198877 1244.7246374022 583.346270983607 6363.89831742233 48880.0260323368 36.3869381651025 33.1367788069037 40.5392422759036
69000 78.1801920341606 -924.218384717527 5855.96755360344 503.134012290802 3153.1717835199 171.10750432 2809.34388794432 1274.20324906878 592.177841588986 6359.10156589425 49030.7138412464 36.4242911402796 33.1707953342246 40.5808577947351
70000 81.1799197036524 336.241912482955 5824.01225816672 522.438966382904 3215.99191630052 165.310764417887 2866.29063439505 1217.56130048142 560.925914008519 6346.45122454962 49015.8095677357 36.4206000347662 33.1674339261722 40.5767454778375
71000 75.5092387737982 -707.607586904973 5816.88167223711 485.944908560536 3192.50204067096 161.976788743198 2839.26568848497 1258.53631720838 540.023294687508 6302.82658079765 49475.5949607194 36.534125114208 33.2708187020341 40.703225498745
72000 74.2031570474618 236.206871994926 5804.83106265871 477.539529624345 3228.81919826439 162.683811717485 2876.19535867975 1222.08128092168 530.582315861658 6282.37059228306 48874.1389272539 36.3854772934777 33.1354484234655 40.5376146965656
73000 78.0511611078638 -581.862465226528 5800.87260097831 502.303624874653 3162.33432696018 169.836372931829 2816.93733356301 1246.27885016323 559.811044459638 6303.17622585297 48744.3109178918 36.353230907494 33.106082353839 40.5016885065688
74000 77.3636085525066 -101.897119692178 5812.62011194967 497.87883303369 3173.00697841903 168.817109314077 2826.53459132764 1231.06397012903 548.504687464842 6310.49894498336 47988.7258042269 36.1644148764216 32.9341317756274 40.2913256891618
75000 75.2960708934319 310.626765190724 5839.41050673588 484.573051979609 3222.77374459172 168.36014124374 2875.79923810666 1202.18079958086 567.15945551893 6323.98355871549 47669.7603299505 36.0841123244537 32.8610020198309 40.2018593923596
76000 77.5551826351303 37.6189774443723 5850.43767415489 499.111721241476 3221.45662556534 172.171508215848 2878.28309164707 1216.145667549 567.744802972985 6349.54939539637 47459.5966767558 36.0310056948838 32.8126389883152 40.1426924871139
77000 75.0731715167191 -565.401687388679 5866.64874586476 483.138567683463 3193.87805657301 171.773493871437 2850.21135193694 1251.0950827702 565.58689171814 6349.78731354822 47451.6217386075 36.0289874087468 32.8108009798245 40.1404438837736
78000 75.5897864054105 60.388129160872 5868.81538271929 486.463278393343 3210.63272116339 172.672121138945 2867.94768324678 1228.38515541543 562.608854713868 6355.27866111263 47364.5045757649 36.0069251775597 32.7907093944453 40.1158640158229
79000 81.8170799506577 -274.094697013773 5838.53488344734 526.539455051541 3192.78416759442 170.345317263833 2847.75128195425 1244.42767892167 572.294705492475 6365.07433849888 47570.9618206849 36.0591662352639 32.8382841688306 40.1740665742632
80000 74.6050422710058 -87.7097758347527 5862.56635995418 480.12588966953 3202.85949383886 171.128931543384 2858.69469828549 1242.51576037575 570.122711013908 6342.69224962371 47526.6812708665 36.0479744260326 32.8280920360039 40.1615976090574
81000 79.2496160912295 599.210306381905 5806.43164461232 510.016364491194 3214.39478984272 170.428084755695 2869.53427948321 1196.38391468025 559.093696679999 6316.44800910351 47233.5008818273 35.9736977932053 32.7604499513265 40.0788448805933
82000 74.2012011015082 303.955740354219 5808.21234636309 477.5269419994 3203.9302213356 169.46865027248 2858.16694133585 1213.40106496927 546.207276879826 6285.73928836248 47308.4513476204 35.9927155134734 32.7777689680315 40.100032812537
83000 77.6698066510699 -314.772146275555 5769.98573145765 499.849391993415 3162.26131795592 173.899551324001 2820.94180126587 1225.44261610627 579.082771433268 6269.83512345106 47403.2739368716 36.0167467713836 32.799653702444 40.1268064031645
84000 72.8369850999477 -597.472553297309 5791.69058885291 468.747435929671 3146.4961344302 173.666978727299 2805.05006358276 1243.55237168355 589.481903175128 6260.43802478258 46988.0803837508 35.911284337086 32.7036113989697 40.009309098071
85000 74.1145922877327 -50.4502423815667 5809.36434307146 476.969565011177 3171.27266615856 172.842683591097 2829.01804522945 1241.74450365054 563.590613958107 6286.33390808264 46694.7071504087 35.8363900797593 32.6354068573379 39.9258682647407
86000 82.3150975720726 -2.19170443024699 5806.32031047531 529.74448176655 3164.11420215318 175.347129907437 2824.33929787042 1232.00579203128 565.972397102826 6336.06479224186 46776.5153878436 35.8573060939473 32.6544546082787 39.9491711148672
87000 80.6194294037341 196.028445300519 5814.38847535741 518.831892441147 3166.29240217096 175.69213361171 2826.87558303385 1215.80841778742 590.972889898349 6333.22036779856 46769.6058324065 35.855540462609 32.6528466869182 39.9472039980883
88000 75.8491475213649 725.655575518229 5800.78586603587 488.132414724517 3179.56629018735 174.993320508845 2839.39310580478 1200.24082231891 582.174604668256 6288.91828076038 46341.2176963712 35.7457310746451 32.5528457090026 39.8248636856769
89000 76.2020542337949 225.552870732915 5777.52990549601 490.40357018691 3141.74702723664 174.600558471491 2801.22657568396 1220.89107701033 566.937023799279 6267.93347568292 45797.7624160435 35.6054481572174 32.425093162633 39.6685723497321
90000 76.6963352897785 -616.314362195869 5770.39921547307 493.584549977644 3081.60888700307 175.957377724309 2742.42883179565 1255.08862054232 568.823068925374 6263.98376545071 45480.8064580321 35.5231188513716 32.3501176869618 39.5768480155508
91000 77.0417500846899 -585.135525091593 5777.1589940815 495.807490688667 3069.5892310996 179.488763170117 2733.94539929585 1258.17254507993 576.28684849026 6272.96648477017 44813.5807776463 35.3485485263958 32.1911403578245 39.3823565563835
92000 79.4418139510265 20.7189262274854 5775.33607104864 511.253267059957 3103.48223119257 174.645833209252 2762.95293926905 1227.26896205283 575.517150560974 6286.5893381086 44365.6787744287 35.2303869604692 32.0835332363951 39.2507109552326
93000 79.0439073925127 181.610445047577 5764.3783935863 508.692511987695 3120.59324785344 175.139902802661 2780.54098595004 1222.68892708354 562.828903762968 6273.070905574 44406.3419812364 35.2411471028257 32.0933322597584 39.2626989937958
94000 76.4211234008246 401.483572252414 5747.74033254508 491.813404904746 3116.02352747105 176.689584261077 2777.41582696993 1185.0358934586 591.055846628492 6239.55373744982 44121.99980795 35.165767415082 32.0246856473954 39.1787173350406
95000 75.2075978980695 522.849341425817 5735.21895672924 484.003677922346 3102.91676539064 177.095814132364 2764.77244667017 1193.02079004344 589.529907049951 6219.22263465159 43605.5170525054 35.0280141712612 31.8992368187603 39.0252443470082
96000 74.2284128815438 414.076350793949 5758.59742388038 477.702065284654 3106.4192446587 177.969095968729 2769.13998103987 1218.24685579512 580.766359545456 6236.29948916503 43181.2880961709 34.9140503835282 31.7954525209729 38.8982755545087
97000 77.7731601194291 -110.594707580453 5782.30103376206 500.514530359883 3083.060299512 175.11218862896 2742.90607218595 1247.21828341597 577.662524833777 6282.81556412194 42762.2706974451 34.8007515274608 31.6922737617281 38.7720475725095
98000 83.2242013114042 -957.993475709136 5762.52551958361 535.595081516402 3043.98921786438 174.134314001385 2702.81926373322 1275.27770940737 584.832832073313 6298.12060110001 42647.5309957869 34.7695978610847 31.6639028076498 38.7373387980786
99000 79.1042784991464 -90.7339458098386 5757.20068583436 509.081034403882 3047.65206164931 175.735217670772 2708.20299907123 1250.85812895607 585.038724765743 6266.28172023825 42122.3046785874 34.6262726958368 31.5333797535602 38.5776580474791
100000 74.2344220101554 -241.22312441395 5733.16138006101 477.740737445851 3031.56458701378 173.979784738787 2690.23468120933 1238.1417616018 587.341712048562 6210.90211750686 41474.3470353082 34.4478051276473 31.3708532913317 38.3788246102601
101000 72.5675124645436 1140.12100870522 5708.79733475952 467.013226218416 3058.01399610525 178.281143762962 2721.01836779529 1193.77967847927 587.238869216745 6175.81056097794 40666.7145522642 34.2227364161616 31.1658881998743 38.1280721291846
102000 72.7747007902564 488.862275017648 5707.56672788968 468.346600963391 3003.20590216678 176.156829399355 2664.02895400715 1214.016149445 591.475422743861 6175.91332885307 40141.7772143843 34.0748460207958 31.0312076918121 37.9633051861454
103000 79.1314213418248 -485.636743832283 5697.07388635025 509.255714038024 2936.16524471418 177.945313731543 2598.65807524242 1243.18674992205 600.447204091814 6206.32960038827 39628.7179120009 33.9290508472761 30.898435255887 37.8008725616919
104000 77.7894314522182 280.482568343817 5724.00758664531 500.619245643109 2975.16931966364 177.992172975521 2637.61194627965 1232.40511442249 587.957715244665 6224.62683228842 39052.2638827763 33.7637317869243 30.7478828485758 37.6166880774132
105000 79.9782602982493 -254.25660902582 5708.00574108906 514.705604487562 2959.83863949818 176.948145923365 2621.2298526243 1244.54487161836 582.818403670025 6222.71134557662 38767.5635603085 33.6814830370912 30.6729807334817 37.5250534919132
106000 77.3574221609921 -353.156806536148 5701.66441484841 497.839020084869 2930.77763545708 174.01640759681 2589.26407593072 1257.56870403977 585.268584647806 6199.50343493328 38499.0419748233 33.6035384314242 30.6019983071651 37.4382142190152
107000 78.5294980321908 -175.844993478201 5668.79379268631 505.381995107593 2925.93468016384 174.28213729346 2584.59338915413 1230.50724002093 592.837916142377 6174.17578779391 38224.9757457065 33.5236097273524 30.529209006369 37.3491644318511
108000 73.7948303088323 -621.814789847059 5675.68676228438 474.911714765019 2905.77618738143 178.772035250901 2568.92928591061 1239.6426867716 609.426369979329 6150.5984770494 37993.4282943283 33.4557829328888 30.4674406466592 37.2735975665907
109000 78.9652801087083 616.823482641086 5644.65606596869 508.186500685513 2928.81564136484 179.705407340189 2592.82959324266 1199.58251870924 599.376372073185 6152.84256665421 37391.9219354505 33.27828724049 30.3057992501913 37.0758469110002
110000 74.0668258874107 -359.441212336991 5676.23467867403 476.662161050898 2879.98613080221 177.0246088364 2541.3098368277 1239.43974194949 619.600021034834 6152.89683972492 37163.7718384237 33.210465648582 30.2440356283334 37.0002858419865
111000 77.388003425347 -116.162102471003 5665.72322972513 498.035827918611 2877.59004770257 176.347568349538 2538.26041511155 1237.51709412016 611.354904879936 6163.75905764375 36822.7514157003 33.1085719180457 30.1512432643463 36.8867644841339
112000 80.1853511234823 -251.075711900764 5651.24379577579 516.038351761483 2874.56517264178 178.710280485557 2537.53985405489 1242.18800705509 608.327374317282 6167.28214753728 36695.9632928373 33.070528401599 30.1165978763831 36.8443796227516
113000 75.7853780619282 120.633627832659 5656.07125382208 487.722021974728 2888.972417303 178.177836299863 2551.39380564998 1236.18160455709 601.050272279378 6143.79327579681 36448.790383539 32.9961100386407 30.0488267212137 36.7614689905887
114000 78.5736053748817 210.974658793077 5624.43216856289 505.665850950385 2890.01096399936 181.656722261907 2555.90741587831 1209.41070344573 617.419876598768 6130.09801951328 36546.2138296398 33.0254821602591 30.0755752619332 36.7941929188581
115000 75.0644369352123 143.739851900624 5626.476410388 483.082355682381 2883.21975704879 181.654970736156 2549.17844033721 1216.58621018918 594.64769774268 6109.55876607038 36592.4151394536 33.0393931134462 30.0882436589457 36.8096913237792
116000 74.6546576961647 -5.50230501976658 5617.69091089869 480.445193156541 2870.25251588005 183.132090386156 2537.65772984923 1217.09639651252 607.358411264754 6098.13610405523 36478.1294898281 33.0049609656308 30.0568870644223 36.771329943219
117000 77.4029268698312 -99.6240434999628 5592.01437284483 498.131868773784 2849.43547292601 179.424427298058 2513.1255997048 1223.71357964968 589.615394626878 6090.14624161862 36270.3335634806 32.9421711921706 29.9997058081964 36.701374899813
118000 79.8942369230984 -36.9476611181817 5564.70345049991 514.164866267741 2858.01427718729 178.462188446427 2520.68338294865 1225.55806580314 610.710030048133 6078.86831676765 35981.509442275 32.8544975116842 29.9198633288902 36.6036963164073
119000 77.2575691924658 -708.356888124897 5560.91374682473 497.196409426253 2811.37802888281 179.689001206387 2475.2354150042 1250.34268823847 607.6395929804 6058.11015625098 35776.9317928657 32.7921129273004 29.8630510693837 36.5341927003254
120000 75.9627215269675 -740.670383914335 5555.02352368047 488.863328062589 2771.92781539179 183.854891949566 2439.91246212886 1245.10772199956 629.654893957337 6043.88685174306 35260.8039535589 32.6336591599379 29.7187507323676 36.3576569435796
121000 74.1909041997846 -1342.7107086979 5582.98383875138 477.460675578922 2755.32933215972 183.36597694211 2422.8764145416 1283.36910583578 621.684377797147 6060.4445143303 34774.5763513077 32.4829641271699 29.5815161031312 36.1897653112735
122000 79.2761756212694 -66.1115956600597 5590.94261970461 510.187290176663 2786.11824328931 178.628175590006 2448.84094526749 1267.38021888041 594.316172101114 6101.12990988127 34342.7529465054 32.3479481605799 29.458560052254 36.0393419655152
123000 80.0454264401144 458.921131777342 5611.33449600282 515.137856821145 2790.74897216708 180.860744204527 2455.73198169025 1244.97620796147 610.783157299087 6126.47235282397 34176.7248674354 32.2957358277264 29.4110114369539 35.9811714098689
124000 81.1289039128253 516.243067252827 5581.20013348866 522.110650746153 2766.71288229469 179.69122744368 2430.51262245855 1222.32699532605 635.135749718895 6103.31078423481 34243.0232139425 32.3166054972086 29.4300169827977 36.0044226266522
125000 76.3923602289947 145.998573896434 5565.48029607837 491.628297530711 2766.56818312642 180.880725840989 2431.52891301803 1231.4400436172 635.708348949215 6057.10859360908 34440.4430070966 32.3785910292185 29.4864658341443 36.0734816524034
126000 74.4179596296765 394.515778581612 5549.77914795544 478.921906441645 2765.12577633936 178.814739426474 2428.04903459784 1227.8309722939 603.751213593839 6028.70105439709 34156.5505645073 32.2893799212509 29.4052232536769 35.9740901976129
127000 78.1420165222888 -429.546179743974 5530.83226417112 502.888331153937 2719.82222892551 180.055985675057 2383.81696213613 1242.88393601259 622.403706602051 6033.72059532505 33805.3566835911 32.1783331775163 29.3040954432614 35.8503713282818
128000 79.7663367667029 -1242.44879687394 5537.02932647458 513.341755999199 2689.87854441285 181.143567471174 2355.07604596085 1273.94163357743 619.550392140646 6050.37108247377 33581.3612244963 32.1071040411119 29.23922864609 35.7710138620202
129000 79.9080582209507 -617.802890378284 5525.04438436024 514.253814182328 2688.0821598341 179.88066133446 2351.89386692501 1253.58244368708 616.097957095154 6039.29819854257 33402.827033655 32.0501041248922 29.187320084638 35.7075093867916
130000 74.4499339330664 821.052723812099 5531.04804940451 479.127679274074 2706.45524528709 178.754514111239 2369.11029521314 1219.20554717414 633.776273509185 6010.17572867858 33110.040158865 31.9561859101992 29.1017908463136 35.6028736726712
131000 77.3028471847142 554.701121297454 5509.85136519672 497.487799064928 2713.46627505291 174.426502374656 2371.77091695073 1217.55094826916 613.227238568354 6007.33916426164 32998.9494351904 31.9204060925969 29.0692069587585 35.5630108326657
132000 75.391383014715 -390.860824947893 5530.37227131817 485.186439702936 2700.59941722694 178.569504317838 2363.20707899599 1253.16096207846 613.135567852963 6015.55871102111 32930.7808931209 31.8984107699076 29.0491763054665 35.5385055084917
133000 79.9880113952366 150.795692361544 5507.15757919797 514.768358344054 2708.39656133608 179.632857297634 2372.05645070165 1238.38521953532 601.470972262295 6021.92593754202 32719.3326969051 31.8299909998856 28.986867936047 35.4622780001259
134000 77.1851752583923 -487.445493293378 5516.23901830424 496.73051327573 2667.56371695442 176.658230594188 2328.17954380559 1264.68300587294 612.076157624116 6012.96953157997 32695.6428274465 31.8223071594977 28.9798704327625 35.453717316463
135000 78.7917045041133 -51.6690450577478 5510.3507452112 507.069442923139 2685.52555793729 178.86644987007 2348.26893722066 1243.59115675725 624.442029269982 6017.42018813433 32631.2099827703 31.8013894879783 28.9608211725266 35.4304126198785
136000 77.4509318233619 548.358091666315 5528.17347889255 498.440807959674 2728.12538906246 179.170597508144 2391.17650412347 1231.53839542819 608.614763523943 6026.61428685223 32695.149772679 31.8221471971116 28.9797247585598 35.453539099931
137000 79.396667846519 -76.6346000329994 5531.8023110997 510.962726193924 2711.71832189628 179.752059911812 2375.38197808731 1243.32905259948 613.977865786182 6042.76503729363 32951.7738293221 31.9051876013767 29.0553478158141 35.546055679697
138000 78.5103308395281 -45.1628965118543 5543.19088229188 505.258643318632 2728.39725252409 177.44729869569 2389.78763165883 1246.67068813115 612.228855521162 6048.44952561052 32861.9722040976 31.8761780919496 29.0289294979876 35.5137357431958
139000 77.5528425610439 -4.63607410193992 5535.98529438722 499.096661533467 2708.21225180695 180.331877910074 2372.49737895395 1239.23752365242 618.199723724166 6035.08195592069 32794.456551793 31.8543330192528 29.0090356740366 35.4893978148285
140000 75.3045099709922 -245.48362929984 5535.67843090945 484.627362244683 2694.47163892246 183.767465628065 2362.18756726179 1241.29002527795 643.125400583931 6020.30579315414 32693.7075575536 31.8216792881894 28.9792986442664 35.4530177954715
141000 75.6615717784114 694.638945579498 5533.39926748259 486.925258107156 2719.77694620353 181.115758610686 2384.8538113994 1231.91493515989 628.928883182355 6020.32452558975 32287.2832776385 31.6892677947381 28.8587144294013 35.305496132924
142000 78.8758411742832 -79.8141804531333 5520.8139338656 507.610910260861 2676.39260341039 180.42560895877 2340.7869124791 1252.59276441483 623.323223887371 6028.42484412646 32236.7511747489 31.672727108492 28.8436511927266 35.2870679023297
143000 81.9428504743632 -865.858591439942 5507.36304925204 527.348859922179 2645.2521699767 182.567633676645 2311.7532116235 1270.23881994535 625.694252370251 6034.71190917422 32308.9074345706 31.6963407628553 28.8651556248363 35.3133762344816
144000 79.1699757024217 466.088697060749 5502.32623810636 509.503833281962 2699.65878736645 177.987562637705 2361.60909274781 1231.74698038224 612.356654544953 6011.83007138832 32170.7148139239 31.6510853346928 28.823942508579 35.2629564723609
145000 78.5234082627587 788.574298967346 5486.80542668961 505.34280397684 2687.92471654345 180.420028133198 2352.25923922825 1227.19826595602 617.68935068513 5992.14823066645 32232.9940215672 31.6714965883929 28.842530585321 35.2856969611359
146000 72.9410770760623 477.746054432505 5511.43296639728 469.41732701368 2677.44601241813 179.796703747612 2341.14079216854 1233.1899716631 622.143183175378 5980.85029341096 32232.4809904588 31.6713285561257 28.842377562056 35.2855097538264
147000 76.263791284639 146.251567894825 5520.91405064569 490.800883231173 2671.55492906099 181.007815882134 2336.48281333082 1250.7030848584 638.516174357442 6011.71493387686 32428.5917948265 31.7354309284913 28.9007541730378 35.3569271836746
148000 78.4399037252383 373.644717958863 5536.92540311304 504.805404772336 2693.22178931239 177.401181127215 2354.59047692337 1251.36239883349 620.768945244246 6041.73080788537 32556.3721514715 31.7770593168617 28.9386642244759 35.4033060054939
149000 82.0873207984477 243.359115536016 5523.01278524087 528.278608646534 2699.91418651021 178.477850502069 2362.37283474919 1253.05095922612 596.210259735833 6051.2913938874 32683.179159693 31.8182630623047 28.976187563004 35.4492117261567
150000 76.7070691575472 52.6183824158481 5534.89588443412 493.65362852321 2704.23949663023 181.158944663475 2369.33256760879 1264.91477956948 619.005868872689 6028.54951295733 32765.4919488513 31.8449521668068 29.0004927394502 35.4789464641727
151000 74.8694685194767 344.433865493037 5521.14096527193 481.827623009991 2713.70340658192 183.732838342421 2381.34135204896 1240.08765112391 616.014742435328 6002.96858828192 32668.5417275639 31.8135123289153 28.9718611753102 35.4439188616961
152000 75.2109290697915 83.6711196624881 5510.43473014618 484.025115907474 2708.96876884725 180.886016697968 2373.83665443682 1249.56349287673 634.924638731798 5994.45984605365 32747.9270587355 31.8392606802809 28.9953096287079 35.4726054923074
153000 74.6742990606662 714.050910834913 5523.51461687644 480.571596511041 2717.89749266834 182.602705576446 2384.41688660943 1232.76633857538 615.077662234763 6004.08621338748 32754.5987821489 31.8414227338422 28.9972785630081 35.4750142691256
154000 77.8357595073209 1112.77541150497 5521.94565877256 500.91739303363 2751.95743047066 179.274301779531 2415.21476753139 1226.3717676208 595.156256651205 6022.86305180619 32852.8069069788 31.8732143642852 29.0262304968345 35.5104338090448
155000 77.3240296726562 101.259361893861 5546.8514956183 497.624120425509 2721.22066679748 183.109674882657 2388.28467620785 1238.26637084761 622.949298290661 6044.47561604381 33003.1620856894 31.9217643559679 29.0704438991319 35.5645240945858
156000 76.4303010694806 -313.277665318003 5552.31838280123 491.872468423704 2706.90538623492 183.695461083596 2374.64307481259 1260.05016384146 638.138969097093 6044.19085122494 33023.8642229002 31.9284375611355 29.0765210393018 35.57195881415
157000 75.5075356690831 -257.716131180234 5557.07367258715 485.933948112802 2703.4044523332 183.553755281141 2371.00982349558 1262.81468891171 614.71250100606 6043.00762069996 33043.7343574965 31.9348399529344 29.0823515557336 35.5790918164132
158000 80.0670165514799 -318.67713667513 5542.76393482966 515.276801470352 2694.27896309062 182.861731740471 2361.15754515456 1257.02465941634 637.699174689652 6058.04073630002 33048.1695442238 31.9362686720203 29.0836526585664 35.5806835741181
159000 79.7161009281323 -386.939667525964 5539.06884682659 513.018459798931 2710.27186710868 179.652737296294 2373.95634917141 1254.60697961081 623.300593360597 6052.08730662552 33222.0226811062 31.9921720490187 29.1345626260319 35.6429663782907
160000 75.5696435442344 288.961928525125 5533.64848688813 486.333647622443 2730.54715378876 180.439003303389 2394.90437273782 1237.60611905025 619.875284745835 6019.98213451058 33220.8183549667 31.9917854633393 29.1342105710144 35.6425356772943
161000 75.4965183768604 97.6360843726486 5501.9557345946 485.863045569633 2701.67701823466 176.723521803397 2362.37393787802 1255.32228561967 608.699763186983 5987.81878016423 33131.3142262017 31.9630286734513 29.1080223992756 35.6104972994821
162000 75.9475635674575 238.79220941493 5493.03849342168 488.76577796981 2693.75519483708 179.007289801032 2356.70271431084 1235.14918320117 615.402453557441 5981.80427139149 33027.5725124012 31.9296326106461 29.0776093444267 35.5732902370196
163000 76.8456865873853 -453.121743961396 5507.04395829417 494.54571054339 2684.79504060428 176.056276492745 2344.76112507139 1254.65134130441 633.995520200779 6001.58966883756 33102.6290803271 31.9538014625146 29.09961938261 35.6002171231725
164000 78.3484861661122 -417.33156482628 5528.13550836512 504.217080772097 2678.03617558534 180.834383849342 2342.78836671996 1272.92348766691 631.84365758897 6032.35258913722 33031.2249784231 31.9308095827998 29.0786811869035 35.5746015196308
165000 77.6154527386449 -396.628934346554 5545.71276836751 499.499593645131 2687.65561052208 181.662499322047 2353.28120706689 1253.74674288648 641.836274500028 6045.21236201264 32958.6924398843 31.9074204009611 29.057381176951 35.5485432757387
166000 79.5355810067335 -187.343427363162 5525.95755513793 511.856711407317 2699.96812694817 177.039066435835 2360.94098519746 1261.70594148691 611.486006926052 6037.81426654524 32884.921684755 31.8835967124847 29.0356854714253 35.5220009413802
167000 75.7027748713919 325.549224016162 5531.0248945477 487.19042345084 2698.87148686309 179.877048216535 2362.69907841528 1251.1968244633 623.525596041702 6018.21531799854 32641.2768241495 31.8046594313649 28.9637990375568 35.4340557136338
168000 76.4331451929232 220.56800213614 5514.65348434381 491.890771976073 2685.94899858961 179.851318965775 2349.77430024966 1249.8439543168 623.774195567605 6006.54425631988 32625.8463409704 31.7996469781887 28.9592343074489 35.4284712631701
169000 77.6769163573122 -208.168695544738 5514.45293499545 499.895146997782 2680.96915859593 177.53649304548 2342.5087760437 1259.51765857585 610.807156675577 6014.34808199323 32860.0070113243 31.8755426656559 29.0283508293336 35.5130278050799
170000 76.9058838267875 -167.02878067267 5533.25120122301 494.933114025029 2701.83033829789 177.658783135816 2363.39185328323 1241.33265924288 633.342041959636 6028.18431524804 32835.9753472 31.8677702068699 29.0212726232363 35.5043683903094
171000 78.429084815884 232.765137130902 5530.40971246132 504.735778935785 2707.29556639457 179.217394691299 2370.42759751792 1239.07870698758 632.075765125602 6035.14549139711 32735.5371660458 31.8352448048853 28.9916524599162 35.4681313443344
172000 75.2375810737197 364.359853376089 5548.2115175747 484.196636715022 2707.35433478569 182.148262740746 2373.42209593123 1246.89209644047 608.768030027366 6032.40815428972 32617.7159150807 31.7970052469473 28.956828541308 35.4255280701393
173000 77.6531166990943 -211.737446123804 5526.60070109712 499.741982657573 2671.25512044362 180.539909697456 2335.75539503714 1277.08184441127 612.435154998381 6026.3426837547 32508.1888946538 31.7613749507263 28.9243808195641 35.3858318141833
174000 78.0157691531839 4.01263995186472 5514.22528835474 502.075857511877 2656.78031332553 179.626166486916 2320.33234439498 1262.39179295872 620.79641500714 6016.30114586662 32284.893722888 31.6884860100758 28.8580024754219 35.304625134719
175000 74.2791786220336 136.063836277227 5530.82031671849 478.028771705232 2675.7938880763 179.690028888463 2339.39551754475 1268.7892533212 621.939276831322 6008.84908842372 32278.9723245984 31.6865485547304 28.8562380777433 35.3024665861953
176000 76.4206306263745 -584.284864565214 5521.88561901648 491.810233620821 2636.52712801512 182.682377007823 2303.04724194774 1268.17351517721 646.942014889094 6013.6958526373 32444.5419157442 31.7406331380831 28.9054917101123 35.3627230446524
177000 76.2259540205666 854.111307234734 5511.01385007728 490.557378911325 2667.9828280714 181.625274500859 2333.46947579089 1232.36297086081 625.382220664364 6001.5712289886 32363.7829542912 31.7142756451711 28.8814885249976 35.3333577601622
178000 76.6146395785866 501.536885444583 5487.39746303265 493.058791599601 2676.65195515713 175.833318371671 2336.30274665904 1240.07333102302 624.902599224298 5980.45625463225 32410.626926899 31.7295695563147 28.895416351196 35.3503969396166
179000 76.0575014631966 900.001538494348 5491.82989225924 489.473290872335 2704.34946720168 178.969017276059 2367.26445465673 1223.44250093856 603.978114325351 5981.30318313157 32390.3226453639 31.7229422989941 28.8893810547131 35.3430134112495
180000 76.3633998591859 369.561597957021 5504.12017765823 491.441921075496 2687.12542713494 181.171755638083 2352.24972301176 1246.19169921292 607.754901751003 5995.56209873373 32454.2153569183 31.7437873474851 28.9083641787652 35.3662371974111
181000 72.47499755244 -328.194368426854 5539.49489194725 466.417840127485 2652.70564354857 180.081234508853 2316.68673406757 1260.78243667343 653.739847583899 6005.91273207473 32538.5150035322 31.7712483558356 28.9333723109528 35.3968319252668
182000 78.2879633383019 -193.93512106199 5518.5616607115 503.827581943826 2652.80993875173 180.729252977357 2317.55578634984 1258.1345748796 650.498179259391 6022.38924265533 32728.0259216144 31.8328097285398 28.9894348898124 35.4654183886717
183000 78.8410014293482 644.911124286722 5518.36064543545 507.386696681945 2690.03616772223 181.368031665079 2355.36270823964 1236.40892595822 621.682801224069 6025.74734211739 32868.9503006277 31.8784341880824 29.0309840747751 35.516249294276
184000 76.5662079019617 496.424183374958 5526.17488475381 492.747106207838 2716.53751733917 179.730623048723 2380.14622798111 1238.08263237322 621.003836479579 6018.92199096165 33036.1101034714 31.9323836318866 29.0801146385503 35.5763551917031
185000 76.8638645329115 1123.00823000272 5520.07784683183 494.662695964247 2737.18922604526 182.546364722843 2403.67517993484 1207.57604511075 638.441093817739 6014.74054279608 33065.5369763513 31.9418620614554 29.088746434461 35.5869152545186
186000 77.2888944099572 206.843864088681 5509.30317212395 497.398005021662 2697.29292532092 182.406685625054 2363.64815731622 1253.83248728298 609.699890503966 6006.70117714562 33097.18405669 31.9520493484608 29.0980237711415 35.5982650662054
187000 76.7408668807929 -859.97877431704 5512.66857670289 493.871136099752 2665.83409218036 185.621931972411 2335.39507101584 1281.90998190616 623.817388817582 6006.53971280264 33085.3386112128 31.9482370259377 29.0945519734426 35.59401769959
188000 78.3685224176305 -144.285854050093 5519.0970817318 504.3460254492 2695.67841750739 183.734364062956 2363.4079119778 1263.90041573678 608.43682010363 6023.443107181 33038.9734950278 31.9333061807363 29.0809547833578 35.5773830174339
189000 80.4153979495268 128.786424195412 5513.19899773791 517.518833960247 2700.51072178404 184.847879632955 2369.39485156021 1246.6656467751 625.485033644555 6030.71783169816 33065.4234091932 31.9418254921553 29.0887131316092 35.5868745121036
190000 73.8463042983863 1.78943104404944 5540.8374338699 475.242979171246 2695.28177298574 182.274101833552 2361.57007199103 1255.21706620056 647.888433565743 6016.08041304115 33065.6102234494 31.9418856474123 29.0887679136696 35.5869415319922
191000 76.857974861701 996.915489492507 5519.30646441253 494.624792579386 2715.73654993893 181.384623332342 2381.14752832446 1252.18185620326 626.402232947483 6013.93125699192 33047.9108870987 31.9361853535889 29.0835767823163 35.5805907477821
192000 77.3177343594711 267.860580588256 5516.74024970481 497.583606503772 2693.7416846492 180.704921174878 2358.4719779818 1259.16445976896 614.977090431013 6014.32385620858 33064.7953480235 31.9416232512115 29.0885289552603 35.5866491923865
193000 76.0620721550778 -1177.51430228773 5526.0000631207 489.502705874848 2660.72772160637 180.384758554872 2325.10847667069 1304.25899295689 621.359641415193 6015.50276899555 33079.2358211576 31.9462725568744 29.0927629749699 35.5918290546717
194000 78.1579361166988 -1327.69328980954 5531.0208249695 502.99078280059 2661.52955180887 180.648974978826 2326.2102590847 1282.57399910492 628.358881810008 6034.01160777009 32937.8964817091 31.9007081101198 29.0512684423245 35.5410650102288
195000 79.9347557174909 -539.388157804138 5529.9353557044 514.425627760716 2674.64971065059 180.561043301314 2339.21600045062 1278.10655226473 629.581053333573 6044.36098346512 32815.0224648856 31.8609904101365 29.0150984124886 35.496814915457
196000 77.0049742359759 378.225749331807 5536.24966422486 495.570817180488 2694.64321617361 180.473722865434 2359.12331474397 1257.62355327119 632.8573796476 6031.82048140535 32870.081258658 31.8787998093075 29.0313170379286 35.516656638454
197000 77.171167613013 284.360029698948 5527.50448282653 496.640366108793 2681.15411159347 176.55252182826 2341.73537190497 1259.52575439657 616.610391615879 6024.14484893532 32739.1030743625 31.8364007091646 28.9927051163462 35.4694191549049
198000 75.4500954654682 -325.497898771722 5526.39560913994 485.564287724926 2680.20386517348 174.389604505564 2338.55496838653 1268.53652801937 629.370332172517 6011.95989686486 32773.1058468878 31.8474186381446 29.0027389002788 35.4816943974734
199000 74.6048219824704 -88.3268182493892 5521.11844743091 480.124471987483 2678.53403078589 178.087528770347 2340.58393726741 1259.78185529797 636.879720112107 6001.2429194184 32725.2858411647 31.8319213269179 28.9886258421289 35.4644286068869
200000 76.1316325865695 -89.1193629947291 5506.61346992908 489.950366824283 2672.36677523277 178.972848311852 2335.3131173826 1267.4773956387 624.016805070007 5996.56383675337 32648.6317008168 31.8070480407504 28.9659742912293 35.4367168997471
201000 75.451371415636 641.519128080425 5516.50044340137 485.572499190141 2687.03894521479 181.379228317512 2352.36951610133 1257.325429788 616.875488983069 6002.07294259151 32396.5045976277 31.7249603630733 28.8912188609806 35.3452617671906
202000 77.0714681198399 -703.715164451748 5524.10346466902 495.998743151387 2658.33433344878 182.469423531955 2324.76021912995 1288.73623641488 631.422098487733 6020.1022078204 32434.3205922754 31.7372995999409 28.9024559307464 35.359009099011
203000 78.9112807764804 -962.674981665143 5524.87779132 507.838984262517 2652.80921099836 182.803208990499 2319.50656094247 1290.78891345035 630.417512927629 6032.71677558252 32279.1868172896 31.6866187399269 28.8563019938472 35.3025447805915
204000 78.575862386016 -761.623681326495 5516.17627048803 505.680376101044 2643.72090645692 181.412397615299 2309.0537990307 1284.90823861538 625.411600474895 6021.85664658907 32274.6803770571 31.6851441003508 28.8549590722406 35.3009018621692
205000 75.6379985597111 638.465964399796 5520.5739659166 486.773551034063 2653.56648102077 181.761484910954 2319.20388188018 1236.93960952731 640.754199441066 6007.34751695066 32063.4478988509 31.6158680596607 28.7918709160855 35.2237203696041
206000 76.1712471118259 540.769486766042 5515.30634194091 490.20530883093 2659.86068255346 175.101564308869 2318.79987609211 1261.855881368 620.717846211661 6005.51165077184 31875.2082485236 31.5538759265029 28.7354160532199 35.1546539894134
207000 79.2233871612975 941.941990029446 5497.29258758193 509.847566405498 2655.23858871847 178.529590018668 2317.62641586196 1235.77788560889 635.002198787955 6007.14015398743 31833.6250154088 31.540148610487 28.7229148905124 35.1393601774625
208000 75.5602650340278 -54.8971682044911 5513.69560260625 486.273291573848 2631.09284467959 178.829140350645 2293.8116387877 1268.31973187309 647.512049950665 5999.9688941801 31951.6985357084 31.579095495141 28.7583829558972 35.1827514951301
209000 75.3897470509212 -118.443492251784 5515.5879358546 485.175911345226 2640.16586800275 179.851539821339 2303.95780758039 1270.15765993968 628.23013794863 6000.76384719983 31981.4516900035 31.5888945173347 28.7673067084121 35.1936687350745
210000 76.8570200579382 205.52554727656 5518.87942759877 494.618647873986 2668.77998830514 179.984510298815 2332.67562747122 1259.19930225856 632.00965974731 6013.49807547275 32194.3300552805 31.6588280411434 28.8309936198833 35.2715827396004
