# Fix print output for fix thermo_output
11000 29.9050908786067 223.061950114068 7286.09646696727 256.638077463452 3936.55227427612 276.846158023458 3485.08905893989 1539.57051988584 643.348391752013 7542.73454443072 59994.8462205136 41.3475897283846 29.7186670262421 48.8241195174477
12000 35.4271311777157 -62.5420922642191 7367.80871893887 304.026858584089 3936.17559631756 282.063030118232 3489.78578319345 1566.68590981508 663.886419537321 7671.83557752296 60066.2416079665 41.3639847864753 29.7304510087056 48.8434791531836
13000 45.9491018539414 -399.681133298505 7428.28766213335 394.323802888148 3929.29881918118 279.587121154815 3480.18838840012 1607.96161062817 671.372628097041 7822.6114650215 60364.7046487601 41.4323827671328 29.7796122010697 48.9242449536647
14000 56.8538954564688 -479.520893262431 7509.22793157776 487.906038656921 3978.7405013492 280.189899143297 3529.96053078849 1620.51312764649 682.458683273172 7997.13397023468 60755.4530795553 41.5215895930804 29.8437297947244 49.0295822843397
15000 70.0156586329842 -127.902465614799 7579.26811749448 600.857027883527 4026.89491610773 281.181352296378 3578.95271677463 1608.83966941312 722.701617188853 8180.12514537801 61109.6683102898 41.6021260623876 29.9016155513195 49.1246814721952
16000 77.4179187944974 537.206169102916 7673.25378509594 664.381389820646 4087.27904914511 281.17659113367 3639.45901067026 1594.61599236991 731.077256164296 8337.63517491658 60996.5978210575 41.5764515818568 29.8831619644727 49.0943644956987
17000 78.6788854780275 657.272841180607 7768.08419147632 675.20269334787 4117.58374127264 279.555191770743 3667.79108106072 1604.65162737863 759.713758936594 8443.28688482419 61039.9316726456 41.5862949794765 29.8902369272018 49.1059877904297
18000 78.6956064692721 -244.794449362818 7832.2701608223 675.346188750165 4068.74366287084 285.157356540892 3624.4656043237 1643.78291966908 802.672424324383 8507.61634957247 60818.2260304514 41.5358848013081 29.8540045056854 49.0464623723831
19000 77.6251309149012 -562.236547487501 7876.57735907246 666.159632877102 4057.10654151274 286.189651361987 3614.02603251081 1667.74579177807 816.336633303798 8542.73699194956 59866.4941097684 41.318082529772 29.6974586652177 48.789276785351
20000 79.5830319706783 -406.790600319316 7853.35456449051 682.96185444058 4067.81352782074 280.796590901838 3618.9982938764 1698.80326959939 769.203130673957 8536.31641893109 58537.7820393445 41.0101135012112 29.476105278616 48.4256203604685
21000 74.2292238790481 -750.148159799128 7849.36264195038 637.016800425473 4040.65885069735 286.98264829097 3598.03879006951 1715.22717375249 787.215481489448 8486.37944237585 57471.6792830175 40.7596249518955 29.2960661072903 48.1298381165721
22000 73.7347306827582 -312.918352661599 7831.29018650378 632.773182382989 4020.52954931676 289.1780156116 3580.28256884638 1700.4053204866 822.747239385429 8464.06336888677 56589.3264012509 40.5499564061434 29.1453663993264 47.8822570071506
23000 79.6387650219832 -664.004984247703 7788.23895816369 683.440141672547 3997.43526380893 284.800679371518 3552.7935655148 1714.38813938643 829.151873124493 8471.67909983624 56438.5542815228 40.51391167808 29.1194591752683 47.8396946202623
24000 79.800088540785 489.265081362456 7752.27966739981 684.82458012428 4077.69386032496 276.391532531736 3624.37282448771 1666.93896659367 758.829096222323 8437.10424752409 55698.6255090593 40.3360818439995 28.9916436082404 47.6297093434915
25000 76.4068041986699 644.639546376735 7723.25703387757 655.704254980235 4039.83265771542 277.465613262888 3587.46873765259 1662.27957703814 741.994001853332 8378.96128885781 54914.047591044 40.1457924888196 28.8548727342335 47.4050115973534
26000 68.6277809981315 173.008452215594 7751.06056889755 588.946606028968 3993.50251854793 278.244562360109 3541.90215088996 1677.51688653842 715.489460222328 8340.00717492652 54350.7041808294 40.0080399558703 28.7558628116327 47.2423504561182
27000 66.3340546117042 -628.400104327428 7825.71508242107 569.262414717548 3963.74512854104 276.011540033389 3509.82812459797 1743.13175620552 711.959508103279 8394.97749713862 54236.9822873124 39.9801165701071 28.7357928194229 47.2093779241568
28000 74.9363943169327 127.293342128631 7891.83637451945 643.085561839855 3998.35555599271 275.833067254352 3544.36468145437 1681.96806073107 722.850283854565 8534.92193635931 53798.8187552703 39.8721630735849 28.6582010168889 47.0819041233584
29000 86.2805636504972 -230.527375179738 7897.13940297492 740.438411226063 4027.45935607467 277.988767766568 3575.53091734657 1731.20746794069 766.058022739532 8637.57781420098 53322.9997662413 39.7542661811104 28.5734623776138 46.9426889476558
30000 80.3370839211894 -819.418978786108 7938.92925824537 689.432941375988 4022.55965500545 279.375032800781 3571.52240177019 1764.13561716789 811.110137446771 8628.36219962136 53175.9095377758 39.717678785599 28.5471651101865 46.8994857674218
31000 78.7330959716756 281.224878429424 7866.61251415373 675.667914367417 4026.93461995915 273.363458793545 3569.93798020106 1679.28408927419 764.586037829869 8542.28042852115 52866.8619558441 39.6405855489905 28.4917541843311 46.8084524224826
32000 74.0848958516154 96.2637945045396 7815.36282723047 635.778213068064 4023.39346539909 277.587151899963 3570.5170526676 1691.9522362368 760.726406056358 8451.14104029853 52692.2386862899 39.5968921154658 28.4603494371456 46.7568582803683
33000 74.3533504441897 471.237185144389 7756.03691330084 638.082023840757 3997.3519049634 282.965490065355 3549.95462122642 1657.1214438421 755.697129507755 8394.11893714159 52371.7578264624 39.5164510415166 28.4025322461644 46.661871737394
34000 69.7417245585522 -284.698819332917 7787.58355009589 598.506193555708 3978.63748237781 290.277436014498 3538.62884367239 1687.62963828917 769.375501593099 8386.0897436516 52860.569064416 39.639012643077 28.4906236548997 46.806595101492
35000 73.1055411978728 -468.61175896588 7831.28719621943 627.373634178414 4004.37881801645 281.018596937502 3555.32606920509 1705.78850947755 760.686169801895 8458.66083039784 53295.2192675953 39.7473611858357 28.5684993977465 46.9345353813472
36000 83.9390016098046 -202.488925844472 7850.38278940987 720.343706186573 4028.5416214816 281.05321769524 3579.4006284458 1697.83945881374 726.893154038011 8570.72649559645 53845.1931973678 39.8836163503353 28.6664330836268 47.0954283978472
37000 81.4543281618901 -564.943343282484 7885.61363970873 699.020854522764 4004.43830188236 279.701164939215 3554.08816743491 1716.37322936798 761.37546158695 8584.63449423149 54454.7124180194 40.0335441589389 28.7741940111956 47.2724663653402
38000 79.9168456596054 758.13770896485 7820.04125581203 685.826560777871 4069.3921562211 280.844755453072 3620.40346602597 1656.62342373427 746.873260193575 8505.8678165899 54677.6621361832 40.0881051796003 28.8134098594782 47.336893187103
39000 74.94683641876 539.258966707804 7741.56955062557 643.175173369495 4030.82209346628 280.996005340579 3582.07934465472 1650.33267708664 760.587404073387 8384.74472399506 54692.1592123028 40.0916478143482 28.8159561356497 47.341076406088
40000 70.6085305417235 241.83017769446 7706.93128384781 605.944907651509 4016.6254986537 278.775515056594 3565.51746629856 1644.05393322752 738.992740609212 8312.87619149932 54516.821767444 40.0487587139688 28.7851295046028 47.2904320377783
41000 72.2238659553494 292.715398472176 7720.57442462148 619.807315784439 4019.4790650816 283.328754222704 3572.8960818838 1651.45464345782 771.548634126287 8340.38174040592 54101.1174695294 39.9467049690516 28.7117781609354 47.1699247900335
42000 83.3592685111347 1047.13525581066 7708.07199414188 715.368580429941 4028.45845678603 280.836303491233 3579.5812448384 1625.15075214347 760.994983094876 8423.44057457182 53514.5736828344 39.8018177575106 28.6076401731003 46.9988388675096
43000 79.7473023337878 -603.234369939757 7737.92292916212 684.371581979739 3963.4957530484 275.59190175627 3509.51392410356 1726.03409389579 748.019386393346 8422.29451114186 53749.366818717 39.8599424822563 28.6494174411844 47.0674737873813
44000 77.2653775884739 86.8059971467185 7720.98263566323 663.072319000338 3971.68851200241 272.113902537822 3514.0002949523 1686.10603262853 701.537254258132 8384.05495466357 53164.4802916567 39.7148330379893 28.5451197231103 46.8961254476946
45000 71.4548160190624 79.3465525144839 7757.2543156302 613.207519852594 3991.72914068655 276.769610590301 3538.77707738924 1698.02183791179 732.48554157417 8370.46183548279 52923.4173327843 39.6547159463379 28.5019104371251 46.8251378983089
46000 78.5976396595435 -176.402299856753 7740.84865873964 674.505461871721 3969.35919797997 277.766492344979 3517.26116963429 1705.45688661447 738.725083415901 8415.35412061136 52794.577337948 39.6225105115731 28.4787627131951 46.7871090311756
47000 80.2908677206613 -19.8265332572273 7767.19253731342 689.036325398482 3990.93121877123 280.239813667024 3541.24405268669 1686.42578868663 743.552497315964 8456.22886271191 52770.4149092592 39.6164649274505 28.4744174368996 46.7799702759614
48000 85.016176601013 -173.793786950122 7719.5784353687 729.587754966013 3972.93543608367 278.642947399465 3521.27514736481 1693.79450174108 748.320016339664 8449.16619033471 52908.0660796887 39.6508814216595 28.4991543644527 46.8206100094423
49000 73.309486822278 -201.874176692744 7752.32675899407 629.123844975864 3988.95240428183 277.16073362052 3535.7158108565 1694.85691077092 748.386646790782 8381.45060396994 53153.1220933437 39.7120045763615 28.5430867603705 46.8927855396258
50000 73.440171225511 -186.087279462368 7734.38567357461 630.245346132182 3968.50657386289 274.795963497469 3512.84447377743 1686.5086414975 732.776727284058 8364.63101970679 53364.0408403734 39.7644627778559 28.5807912029573 46.95472930748
51000 77.9115755186771 191.157460811536 7708.25946298022 668.617829466813 4020.60302777099 275.888009370712 3566.14625625316 1680.67497863671 715.584205698341 8376.87729244703 53681.0879768013 39.8430570495142 28.6372810009099 47.0475351067546
52000 77.258298114715 -809.088421104328 7719.79438309644 663.011564711301 3974.68692622077 281.211874249901 3525.78672026067 1717.61455045105 780.033457876363 8382.80594780774 54250.0536557799 39.9833281109909 28.7381011211835 47.2131701804155
53000 78.2183755107502 122.480169706272 7700.60475432108 671.250710953483 4016.40294616926 280.220505093115 3566.43394721328 1668.61418206259 740.697173812064 8371.85546527457 54435.1297268654 40.0287447057788 28.770744394149 47.2667990682556
54000 70.8190922951757 -186.201196478379 7744.81376854347 607.751896428526 4016.32710901104 280.417467222418 3567.0456406477 1696.40594663739 741.198534922405 8352.56566497199 55273.4537061253 40.2331853021889 28.9176865025349 47.5082069031239
55000 72.8936893518447 -77.3936107530534 7754.96256524215 625.555574146682 4044.61516326326 282.394110277644 3597.43360759796 1696.37218334011 731.124768512461 8380.51813938883 55908.7789252434 40.386748124878 29.0280601041184 47.6895371731027
56000 79.3164851180671 679.303124045504 7747.64065453817 680.674415419385 4094.13896702018 279.795724593889 3644.38248786005 1661.44894799697 730.557523503546 8428.31506995755 56776.2332202604 40.5945510020844 29.1774188588935 47.9349152611468
57000 80.5327390754817 443.053601218907 7761.60573157781 691.112005413854 4111.04172411645 278.726192434835 3660.45385900039 1653.77591816919 740.960636769858 8452.71773699167 57873.7081738925 40.854445481911 29.364218562544 48.2418042292418
58000 78.38224189484 -155.830276512058 7758.6000098113 672.656971644828 4092.8768607184 277.735056239093 3641.39851350762 1694.21776882553 722.253768327799 8431.25698145613 58553.4911036199 41.0137816329547 29.4787417560172 48.4299517689924
59000 73.2015030877562 283.038903568577 7771.76010966459 628.197155331699 4119.84142745874 280.582382188615 3671.36087220648 1660.04892975203 723.688593733616 8399.95726499629 58678.8061994604 41.0430197628593 29.4997567233421 48.4644767789945
60000 74.3685772357578 -21.1621334172073 7769.38543484721 638.21269639179 4092.02416289706 281.162157438215 3644.29036502394 1678.67266810706 740.136936007973 8407.598131239 59075.2199063729 41.1352365577144 29.5660377384758 48.573368345422
61000 78.2745935322316 -149.087296588868 7776.67900683326 671.733160079297 4096.09022705279 278.620978035913 3645.70635471959 1708.76230471911 745.699453060974 8448.41216691255 59261.4142308286 41.1784081554901 29.5970674151199 48.6243462927075
62000 80.3728721648938 -47.2450374778024 7784.45456181696 689.740067212768 4094.26371418704 276.991907972522 3642.45164653378 1703.36824503708 750.142446776321 8474.19462902973 59380.5485171855 41.2059835833339 29.6168873118439 48.6569079485048
63000 76.9249919759437 58.6332497750395 7800.85699315707 660.151214043641 4120.9769376797 279.626770522911 3672.04750932385 1695.06526178082 751.530878377381 8461.00820720071 59838.8989690372 41.3117331042691 29.6928950022924 48.7817792477265
64000 73.8791731928101 -360.655035046476 7793.06679814404 634.01275220186 4096.23766853088 281.032815014449 3648.60159083211 1708.15249604487 760.954044207879 8427.0795503459 60377.5288554137 41.4353165997402 29.7817208994237 48.9277092860408
65000 75.4274818963414 36.1536060527864 7755.07103157674 647.299953722403 4109.48780536232 276.940952686768 3657.74044828779 1668.60005389905 751.441420541476 8402.37098529914 60620.9364754591 41.4909230979758 29.8216881869104 48.9933706301147
66000 77.7937460225959 276.745901071158 7750.52536924558 667.606645937377 4131.70259883589 278.681710244855 3681.65965272445 1652.99491303789 749.520289430078 8418.13201518296 60886.526674369 41.5514276549372 29.8651759644017 49.0648157068373
67000 79.3289814162959 -101.074026015998 7749.4766785631 680.781655553377 4103.52388396873 277.613052624947 3652.45798272806 1686.45186198972 744.468558347493 8430.25833411648 60942.2566268459 41.5641012466163 29.8742851350597 49.07978095533
68000 75.9710218447465 419.445518217911 7767.6758127456 651.964478834515 4122.58996738339 278.829192086836 3672.59458701632 1650.52902171645 785.971730731515 8419.64029158011 60538.4107901661 41.4720868014192 29.8081495591681 48.9711283277127
69000 75.0133291531767 115.054685116342 7768.24982915269 643.745797534968 4120.08326980057 277.39355788976 3668.67323227131 1673.63578653226 771.677569002662 8411.99562668766 60486.9650250879 41.4603357612531 29.7997034743491 48.9572524478056
70000 74.3274217944426 359.549461644198 7789.06635356807 637.859510595459 4126.92107121958 278.012303070078 3676.06499972998 1657.08053129699 771.154333055835 8426.92586416353 60274.6081796632 41.4117594016281 29.7647891137653 48.899892441971
71000 81.6247667932309 -262.897290097178 7757.68247962764 700.48351661098 4065.95293023655 280.285573255183 3617.46968515811 1687.50077061798 795.634384142845 8458.16599623862 60341.5225500193 41.4270782735345 29.7757995851472 48.9179812940119
72000 79.7470073788677 -79.640387911221 7751.00711912614 684.369050749724 4090.85590368668 276.286095700096 3638.2627912951 1682.60255616739 762.160757800204 8435.37616987586 59629.0385329182 41.2633818733919 29.6581424534693 48.724685078739
73000 76.0694858652727 -616.163941285425 7725.95936894978 652.809472652783 4045.91444341453 273.560387756086 3590.67887338939 1693.8974486151 768.571778944229 8378.76884160256 59408.6541196815 41.2124836710689 29.6215592635663 48.6645833913189
74000 70.3627024366023 15.9205686879679 7738.63339537725 603.8352717858 4070.97756392025 272.7481855851 3614.78559388675 1676.0775460497 760.626145650367 8342.46866716305 58909.0741757113 41.0966368361086 29.5382941074386 48.5277889674362
75000 75.4703561660064 150.788279397375 7719.97139671083 647.667890077592 4066.24785610607 270.780660333952 3608.0163344431 1667.68699749511 747.96921535684 8367.63928678842 58685.0246979734 41.0444695591232 29.5007987674545 48.466188729474
76000 77.843332685132 590.15731169647 7738.21756793372 668.032186384411 4088.08781039818 274.752043930384 3633.85750388883 1650.94764558801 759.513777694665 8406.24975431813 58765.5412908375 41.063232157257 29.5142844243004 48.4883440071998
77000 79.1478502567328 -150.223629175165 7733.71337651689 679.227232838272 4044.84827982681 274.170397408627 3589.95198929076 1686.54391430508 768.669631074092 8412.94060935516 58782.385833158 41.0671552345029 29.5171041443171 48.4929764608347
78000 76.38862973585 838.478953864823 7719.81175492856 655.548286245147 4069.42636374577 273.760986179026 3614.09536412911 1641.28939266883 760.924494110206 8375.36004117371 58201.7692495758 40.9314954838205 29.4195984133691 48.3327865217219
79000 75.7672487585772 982.164682362132 7695.89974523352 650.21574871744 4063.51270143005 277.675684339338 3612.20070256455 1633.33244106834 747.519784104022 8346.11549395097 58017.7897250142 40.8883209320383 29.3885666135265 48.2818050862823
80000 74.4963507534551 486.204639113612 7720.19148702658 639.309217049951 4064.12384160314 277.842018302006 3613.06207225195 1667.68353653821 760.792769020955 8359.50070407653 57960.1702033279 40.8747805687154 29.3788344489277 48.2658163352686
81000 78.4388132198096 354.242264111198 7719.63935053847 673.142452733606 4059.23007364046 277.391943591269 3607.58488555335 1671.29228125474 751.361711048273 8392.78180327208 57712.6070889938 40.8165018730826 29.3369465139449 48.1969996032756
82000 79.4749055348126 -152.649087542788 7736.62659557481 682.033940168853 4000.92466846782 281.685353913657 3553.78111616811 1701.57536307327 779.209554103009 8418.66053574367 57517.5163168941 40.7704581359375 29.3038524810921 48.1426301723086
83000 75.2861195038169 -463.862057810889 7755.15931814549 646.086816708696 4012.62353534536 281.608321741898 3565.14242689053 1701.19341029915 767.944878016209 8401.24613485419 57772.7600708892 40.8306777576806 29.3471354607964 48.2137387914229
84000 76.4117881065613 831.098234504215 7724.22103269488 655.747025642417 4091.30424365333 279.465923222742 3642.04836622832 1637.29563695031 750.387502790921 8379.96805833729 58133.4104224626 40.9154643263677 29.4080759852539 48.3138565876533
85000 75.447819413462 375.995242795461 7720.75209676523 647.474485253352 4057.12009819526 276.293144351526 3604.41932606976 1643.08504576695 757.338797590158 8368.22658201858 58403.3256640485 40.978690499966 29.4535199304236 48.3885154075912
86000 73.9549177856829 395.718774868366 7733.59521496572 634.662773523381 4066.35560360874 273.405856095564 3610.74127063343 1658.38322599472 764.212633766387 8368.2579884891 58425.7797431395 40.9839414615716 29.4572940701146 48.3947158555181
87000 79.6029558505052 -344.418412824772 7708.20388429958 683.132836238801 4027.00289062031 275.270652275882 3573.2934755163 1693.99032314193 738.59118730772 8391.33672053838 58760.3681809695 41.0620271946188 29.5134183548715 48.4869211615093
88000 76.0147615288962 -440.725011932485 7753.43315512868 652.339841962306 4035.55533544319 275.472722477683 3582.01414548759 1715.79428902661 773.200755211936 8405.77299709098 58837.9165018753 41.0800829668792 29.5263959791356 48.5082418041061
89000 77.5383553062823 72.3744641923048 7754.67384488971 665.414946112661 4050.56535769062 277.568819586479 3599.06717213474 1676.69665998427 784.003765162894 8420.08879100237 58718.2697455732 41.0522186556178 29.5063684468481 48.4753390285821
90000 78.3482921281844 402.927628717213 7751.31661376057 672.365623162385 4075.87558450659 275.084305716766 3621.63240627541 1670.14162154846 755.312469743158 8423.68223692295 58616.6370426536 41.0285198564695 29.4893348851476 48.4473549789772
91000 78.478748643425 401.067412436961 7729.59833998497 673.485168640439 4068.53404556866 274.129470022486 3613.37118228203 1665.60836713842 756.50874030735 8403.08350862541 58318.7196378445 40.9588929989942 29.4392904349874 48.3651380944296
92000 78.3877623206866 773.196428810495 7696.2422435287 672.704346571117 4074.64231879918 275.324796467874 3621.03164962529 1643.39155834464 763.054733359727 8368.94659009982 57793.3496929086 40.8355277271683 29.3506213865596 48.2194657392691
93000 75.0735857177983 432.514139082189 7706.68167155544 644.262904436994 4066.8949026605 279.195515081577 3617.06251698952 1656.899681195 763.42034595051 8350.94457599243 57773.1213819223 40.830762875901 29.3471966396962 48.2138393008412
94000 73.4208220775673 -114.71487887156 7718.22768759543 630.079296540526 4021.66745763728 280.255754156584 3572.86187311658 1685.44307162345 770.029417041724 8348.30698413595 57714.4292417337 40.8169314332872 29.337255261245 48.1975068371665
95000 74.7358549761584 -239.80846904252 7732.97385947309 641.364582924225 4008.53038395305 279.029616353873 3558.43793751603 1715.02758488296 766.395006424566 8374.33844239732 58126.0967247049 40.913748411844 29.4068426680834 48.3118303990337
96000 76.3893759263772 -19.1341932750972 7768.70473694962 655.554689867296 4055.72042226259 276.06179502733 3602.56606866958 1695.53556263575 777.608865201264 8424.25942681692 58319.5055322201 40.9590769834807 29.439422674224 48.3653553472513
97000 79.3744324397288 -262.712962636889 7791.6801006172 681.171704970713 4023.03534380893 277.689038354671 3571.47043357321 1712.48198597803 796.858179780966 8472.85180558791 58218.3998891284 40.9353937165285 29.422400276322 48.3373896383959
98000 80.5991902979039 -300.530237977742 7789.40653292196 691.682273333678 4012.95911687399 274.641142822453 3558.30956364696 1726.13511568483 785.493940574469 8481.08880625563 57924.3324477106 40.866354308569 29.3727780567365 48.2558664268188
99000 77.3907007059376 -383.024048448736 7768.91098231042 664.147810931065 4015.16972650448 275.231265185933 3561.19974069293 1723.67380956917 781.628559035235 8433.05879324149 57829.6675187943 40.8440797321245 29.3567681580979 48.2295641298851
100000 74.924716806319 189.706439043296 7739.09417570391 642.985348338227 4044.01687749602 277.958614152303 3592.67995648902 1695.93159117709 756.801823581048 8382.07952404213 57613.320634562 40.7930820802167 29.3201134885968 48.1693450102652
101000 74.4699487259852 83.4762033005097 7723.84518915128 639.08264139437 4027.61968581477 275.790820503811 3574.37478861746 1699.61776098295 748.686637902644 8362.92783054565 57369.1549207474 40.7353733438338 29.2786352130227 48.1012012983614
102000 75.1422112025859 -105.586512458012 7741.97740975124 644.851831337513 4006.8533926907 272.810211229109 3550.65228506373 1703.95180981629 764.748083208408 8386.82924108876 57280.1081375455 40.7142863308871 29.2634788781443 48.0763013018408
103000 77.7872861292099 110.914492710784 7759.28888995518 667.551208733526 4012.23945455917 273.7208885133 3556.83522020289 1709.6299338035 758.743028851727 8426.8400986887 57316.2442383952 40.7228462907316 29.2696313672749 48.0864090857591
104000 80.2814948815252 -79.4109891798018 7760.85195380471 688.955890016225 3999.33149090627 278.541460621942 3548.53139128076 1706.16029384378 797.238617548413 8449.80784382093 57195.912488945 40.6943279962478 29.2491337831716 48.0527340728391
105000 80.0189042665897 -595.41135276391 7765.76256499065 686.702402446147 3981.74246251435 278.370426400215 3530.66812750635 1721.93852023843 775.7407108133 8452.4649674368 56990.2378026418 40.6454909064717 29.2140320222436 47.9950661912579
106000 78.0068882095104 50.0995646682153 7757.01124878653 669.435779354765 3988.87167452577 278.095809797145 3537.79240354526 1688.32159405808 794.482612526273 8426.44702814129 56842.6010399269 40.6103623289766 29.1887832833318 47.9535856145815
107000 77.1094001994354 -208.803151049126 7716.05545481862 661.733759709109 3964.37369615557 278.417276014559 3513.62439574636 1682.22386745307 796.958384246448 8377.78921452773 57144.8983297728 40.6822257069645 29.240435237311 48.0384434304507
108000 73.3206345685973 632.118769759791 7704.9574575255 629.219512171628 4027.56155747994 274.721975666936 3573.03210516338 1664.97335034764 763.892221847007 8334.17696969712 57058.7969389353 40.6617831884006 29.2257421341249 48.014304466701
109000 75.7081600942102 675.147912801675 7694.27561334877 649.708664445917 4035.04811003168 278.270057988353 3584.24570749578 1641.16073476337 771.870847034638 8343.98427779469 56921.1768368696 40.6290661550326 29.2022266976231 47.9756714929794
110000 77.8933581854159 -251.805809991344 7716.83528901744 668.461492828225 3994.49289169445 277.15521807714 3542.44753393542 1691.99360583352 790.739975167404 8385.29678184566 57079.8340770282 40.6667798029344 29.2293334613233 48.0202045761579
111000 80.590142804124 -79.5198215656746 7723.44982531935 691.604629984627 4005.302934823 282.002906231064 3558.1458865065 1710.53188588566 770.085411537582 8415.05445530397 56896.1552063077 40.6231119886019 29.1979471279862 47.9686406857345
112000 78.6583821109476 -102.553156299207 7717.21901871544 675.026738533679 3991.71289242517 279.422805893188 3541.83755918046 1704.95904944485 779.181215544118 8392.24575724912 56648.1906707535 40.5640115678862 29.1554685763729 47.8988536431639
113000 73.8968457232213 -258.70261967245 7715.0084885518 634.164413477428 4005.15371072674 275.76727194048 3551.48601077853 1720.68276652152 750.404997522905 8349.17290202923 56660.0208615013 40.5668351155118 29.1574980071637 47.9021877486738
114000 76.2073274103082 -773.227880363477 7686.29115522527 653.992394626038 3965.55914800599 279.562775960832 3515.74384795314 1732.09554705122 777.593937129663 8340.28354985131 56956.217073561 40.637401424633 29.2082176901687 47.9855139578451
115000 77.5220345054246 -34.9453935016696 7692.05932556177 665.274885045073 3996.5255887479 278.805075012031 3545.93921417332 1687.88916021619 763.768668422234 8357.33421060684 56679.1105241916 40.5713904747301 29.1607721811768 47.9075668144033
116000 77.4038184517321 -25.303576293379 7701.22299075909 664.26038417403 3981.54828341217 278.487821356121 3530.56088254656 1695.05410949695 765.380438426154 8365.48337493312 56331.9318936612 40.4883829525647 29.1011103501459 47.8095497544084
117000 76.58510729803 455.473459075988 7697.49204079453 657.234407983659 4017.36183241592 278.300460553262 3565.91854437243 1683.32865159958 759.720613905085 8354.72644877818 56218.4552791031 40.4611777007945 29.081556518253 47.7774252104467
118000 75.3684598222314 100.510453929236 7704.85001029125 646.793440911959 4000.61533339594 278.698915632955 3549.65168896721 1685.83027121352 761.411766019941 8351.64345120321 56229.5852113022 40.4638476451942 29.0834755464023 47.780577937978
119000 76.4607251641957 -1588.30165663491 7721.26643567061 656.166991341201 3896.11884250448 280.358030453666 3446.89721168122 1770.88925657922 785.738418252799 8377.43342701181 56434.7420455575 40.5129994643709 29.1188035197482 47.8386174587759
120000 79.3217772465268 -790.132892400395 7718.85799266161 680.719831154088 3936.79281473138 278.373614379362 3485.54292683881 1735.07001627191 783.63452654818 8399.5778238157 55961.4309470256 40.3994222034192 29.0371696247099 47.7045029964919
121000 76.4927683977385 201.084551171855 7716.29140870135 656.441978429035 3980.74199984028 276.32999148994 3527.36232104038 1708.66187873041 758.837578127106 8372.73338713039 55332.562008491 40.247521708566 28.9279908247527 47.525135638825
122000 76.201590662542 172.675135558058 7682.52758395585 653.943163278654 3963.92498638999 275.325418503679 3509.4006125755 1702.49156698467 761.929828534785 8336.47074723451 54853.070024077 40.1309274435628 28.8441884517108 47.3874586335397
123000 73.5392705487764 -226.119877102744 7685.84460823824 631.095791961088 3917.02069326788 276.850305123713 3464.12562672404 1722.97226451564 793.12730914585 8316.94040019933 54357.415602739 40.0096866673434 28.7570463889659 47.2442949282937
124000 77.2142856557755 502.805959631319 7688.84813053898 662.633860697876 3974.62128337707 276.375540655165 3521.20806277646 1681.41840269786 778.842881638223 8351.48199123686 54084.3707897957 39.9425827885647 28.7088153350473 47.1650572310281
125000 77.2764454791439 388.729020285893 7732.13537053398 663.167300894714 3985.96225773272 277.017026993475 3533.14088566831 1702.83587445153 771.713672812255 8395.3026714287 54447.4124170122 40.0317551618081 28.7729081657484 47.2703538792122
126000 80.2297402935323 -212.894453373545 7725.57729359404 688.511744970275 3962.07846376199 274.564820887579 3506.94701526815 1732.80095029802 761.061545008791 8414.08903856431 54853.2431596405 40.1309696659542 28.8442187991435 47.3875084906447
127000 78.6313804382719 -290.627820300481 7710.61860378214 674.795016871574 3950.82917626973 273.525527814287 3494.6139231742 1740.78863811851 769.88039297937 8385.41362065372 55206.7789152479 40.217001411711 28.9060542972372 47.4890966186278
128000 74.4709340039317 356.789706213604 7694.45621151945 639.09109680549 3999.20349071933 275.436627418178 3544.82079285493 1704.73865995179 756.073263194569 8333.54730832494 55519.2719800153 40.2927402738059 28.9604917635642 47.5785306891341
129000 73.4223177383733 5.03681531569961 7673.2123597334 630.09213193084 3986.31646761466 277.513030517235 3534.15846462103 1703.38183746938 776.745388933109 8303.30449166424 55853.668816317 40.3734738243739 29.0185191727297 47.6738625947637
130000 76.1426933711457 -237.880848305916 7651.77598859829 653.43772132253 3966.75437534872 277.227108900144 3514.34342670137 1702.97803964571 768.122555950764 8305.21370992082 55845.5586263271 40.3715195964788 29.0171145673223 47.6715550006105
131000 76.8227384997255 -79.8734779296234 7681.17212785101 659.273700055902 3963.41943355205 278.304049802973 3512.20513624594 1710.79901105059 775.413870798045 8340.44582790691 55656.8759851551 40.3260012053854 28.9843981280486 47.6178059095128
132000 77.527839237371 -54.0662210564602 7718.51682059451 665.324699815841 3978.75854705877 277.807701964644 3526.95632706808 1740.51662828188 775.395003642735 8383.84152041035 55401.9867304719 40.2643472757593 28.9400842365387 47.5450036289312
133000 77.799795522667 383.677535265332 7729.84000457562 667.658561247521 4002.32944575749 274.321390216559 3547.16849509719 1720.95211585334 781.477383548537 8397.49856582315 55365.6459366272 40.2555415843482 28.9337551273283 47.5346056799163
134000 79.9318068512122 -704.678596906585 7689.14507735087 685.95495401587 3932.6509767185 277.392928875925 3480.44851158241 1754.04211407005 772.00125116288 8375.10003136674 55566.7917749539 40.3042327200152 28.9687519834334 47.5921012157594
135000 77.2992440101137 -457.141113460616 7673.96071736276 663.362952236515 3924.97141087321 278.674454114458 3474.013797722 1737.2628734667 794.941896177373 8337.32366959928 55643.3934009299 40.3227446888171 28.9820574999202 47.6139605450025
136000 74.7891712734117 -372.346045521665 7665.24790915352 641.822130171953 3929.80256478571 278.032853815821 3478.38431498774 1734.69693902192 774.952915382775 8307.07003932547 55652.1788387807 40.3248667396319 28.9835827284039 47.6164663080541
137000 75.62328826919 369.091997848912 7656.82451245022 648.980315480437 3968.23520808209 277.062155533145 3515.76619580616 1694.92851314679 753.649458854313 8305.80482793065 55417.5969013282 40.268128574075 28.9428020526513 47.5494686669693
138000 75.6672826019086 1156.85703041281 7683.3872105595 649.357863939127 4021.31539338092 275.672349808447 3567.43616091645 1674.63530546188 731.997720950397 8332.74507449863 55314.3045293211 40.2430945436957 28.9248087906969 47.5199079477286
139000 79.7061335151624 325.449587645369 7688.27622080394 684.018281382648 3972.2625358905 277.338233157542 3519.9541242204 1700.01227838205 767.441047678204 8372.29450218659 55253.0805342084 40.2282415285528 28.9141331548433 47.5023691893315
140000 80.1032769295689 -356.216976264315 7689.31888400983 687.426467726715 3939.55173615911 276.422298709746 3486.24132277743 1722.74192012722 775.345191644982 8376.74535173655 55233.890451653 40.2235837329517 28.9107853544648 47.4968691645269
141000 74.7627337127974 -263.304395466468 7711.5959849784 641.595249579735 3936.53848598351 278.274448083677 3485.14946495196 1717.29947409843 789.679828826871 8353.19123455813 55209.6570319802 40.2177002824868 28.9065566120767 47.4899218602085
142000 77.8229308165665 115.384662661906 7673.62532751809 667.857102605313 3953.58943952112 273.989080989384 3497.87541044923 1713.85493994003 758.935098100977 8341.4824301234 55077.8750511525 40.1856757479485 28.8835389105647 47.4521066039372
143000 75.6815155041949 543.630658264114 7694.00184797217 649.480007178694 3969.94606212901 275.951664248365 3516.3166520758 1703.12951021881 768.153459589902 8343.48185515087 54910.6955668549 40.1449756219054 28.8542856094231 47.4040470234061
144000 77.5398620359752 833.434830623792 7698.55957497946 665.427876493419 3977.14051702064 275.100688118049 3522.59126494485 1688.83645668091 769.423749143716 8363.98745147288 54705.9480823752 40.095016804703 28.8183776045499 47.3450545820551
145000 77.2128730171811 241.338337945422 7715.56825454966 662.621737783604 3964.81545711794 277.832585484633 3512.87614577866 1705.57673191571 780.919193822848 8378.18999233326 54929.828215034 40.1496376796717 28.8576364732418 47.409552081066
146000 75.6703289815097 -1033.27303554345 7719.4651119899 649.38400721377 3924.0829482137 276.739254417625 3471.09432628279 1763.77493638025 774.434312067475 8368.84911920367 54835.9469375575 40.1267512150956 28.8411867787222 47.3825272535212
147000 77.7923170402556 -532.523080568567 7691.04353488743 667.594382765128 3934.42791877156 275.723366679682 3480.51704990512 1747.38656946451 755.035891340285 8358.63791765256 54545.8064179962 40.0558549555867 28.7902299431824 47.2988114318652
148000 75.8806192082916 -292.604773017458 7692.15790954095 651.188665816204 3915.14931217594 278.52343768705 3463.97071667591 1736.03480213092 791.535232842442 8343.34657535716 54314.849033683 39.9992402555899 28.7495380085605 47.2319595815577
149000 76.3723431823705 299.099173430126 7686.16738780661 655.40851908007 3935.37829145287 277.673566989426 3483.20391100134 1702.50009300128 790.253481640848 8341.57590688668 54236.0147245135 39.979878826401 28.735621940635 47.209097191296
150000 75.5739539104914 643.512574926555 7701.44457591124 648.556940242398 3975.01793570047 274.439774914557 3519.53779366925 1685.99233761761 782.881243436776 8350.00151615364 54099.4657542342 39.9462984385999 28.7114859663201 47.1694447501693
151000 77.6781097962154 82.215835119624 7702.59629997367 666.614284504873 3953.95338205133 276.750721463541 3500.83920410793 1708.65233384272 786.278822029601 8369.21058447855 54121.8620612133 39.9518100526956 28.7154474505362 47.1759529821391
152000 76.9098795382952 -215.725470423766 7717.42158327522 660.021522849603 3935.16161816093 278.491884771087 3483.90142978898 1755.99900502258 784.947233305361 8377.44310612482 54169.089692883 39.9634275441468 28.7237975469356 47.1896711648634
153000 76.7390794201837 226.455519302109 7712.0774553362 658.55575857152 3933.95512226534 274.008295746753 3478.35123893234 1739.54359133816 783.769761097535 8370.63321390772 54057.9261154317 39.936071722112 28.7041354923486 47.1573688243085
154000 76.6142352607962 -201.779679920874 7689.55267891047 657.484376940286 3918.50106628795 277.39102879267 3466.24925377069 1757.56135227601 781.010231599668 8347.03705585075 54221.2747333761 39.9762566548201 28.7330184971977 47.2048200535153
155000 75.441615799277 -0.248017486684891 7679.98513435145 647.421247374082 3919.66762498084 279.526143421986 3469.41533298944 1726.7174427546 785.094484340368 8327.40638172553 54349.0977397786 40.0076457801066 28.7555794969747 47.2418850049335
156000 76.2047981206058 593.646055609444 7675.16986452874 653.970688888737 3957.79697721663 276.366075727943 3504.43867783083 1701.07009657674 780.208189530819 8329.14055341748 54509.9296104409 40.0470709537718 28.7839164234147 47.2884390943897
157000 76.9190438320568 34.1609990134661 7685.1385204275 660.100168547147 3931.7894579588 277.071693329141 3479.18245326204 1714.55025772518 779.155509267673 8345.23868897465 54451.8895575791 40.0328523849497 28.7736967971876 47.2716495037968
158000 78.8452133041477 -181.620245855408 7684.95560176554 676.630077524613 3913.37594813453 280.029347928474 3463.5827970139 1738.27206719454 784.164719621723 8361.58567929015 54426.0416846288 40.0265169582989 28.7691431959658 47.264168496318
159000 79.5194362533346 217.935745451775 7685.12738650734 682.416091757555 3930.93448254448 277.730229313158 3478.90766962872 1717.2576186832 775.807107750948 8367.54347826489 54330.0997554488 40.0029836161959 28.7522285568643 47.236379821935
160000 78.2049272629441 -38.0451428854784 7688.64618474322 671.135301424175 3922.3905257195 278.429386451884 3470.94025973326 1727.86976576909 784.68080317456 8359.7814861674 54246.7388098841 39.9825137261084 28.737515780338 47.2122085373039
161000 75.8953210526255 -554.341070987293 7690.81398105409 651.31483340019 3885.3537808988 280.420508766081 3436.02412070724 1755.39489764033 790.686942248893 8342.12881445428 54323.0166833733 40.0012451303373 28.7509790164993 47.2343269805991
162000 75.7752958281029 -356.99016254868 7683.91990172284 650.284806673515 3892.86195777382 276.296210693101 3439.36799360115 1746.01044176383 786.892388760265 8334.20470839636 54043.1403039309 39.9324303130072 28.7015182219007 47.1530689704473
163000 76.2764819438471 -778.855188640657 7690.49106726888 654.585861691809 3868.75543082318 279.108676789707 3418.09718005382 1763.54369913888 794.513573456295 8345.07692896069 54022.6680980315 39.9273873776812 28.6978936015351 47.1471141644062
164000 77.8269456304033 277.690348771105 7690.49088629097 667.891556742524 3902.42358197805 276.071061105482 3448.75411270449 1730.44891670183 768.651555703179 8358.3824430335 53669.0385048842 39.8400757157373 28.6351381609918 47.0440146839769
165000 76.7272143130177 320.827479463067 7690.6229012211 658.453935162779 3908.86627333762 273.592211235722 3452.6974989715 1733.21440006831 769.007572677571 8349.07683638388 53825.8464243889 39.8788390021702 28.6629993545925 47.0897872028131
166000 75.9301342689427 460.718676080238 7685.92527630516 651.613591793609 3956.7385076736 277.034427118284 3503.98233991858 1727.33925193619 756.280828831712 8337.53886809877 54095.3081173265 39.9452750984914 28.7107504384663 47.1682363682513
167000 77.4833727249289 250.075820460108 7678.85609501229 664.943099227802 3931.85747671256 279.693514498329 3481.79779346729 1709.18980957419 789.145806580649 8343.79919424009 54366.7932571445 40.0119873374313 28.7587000004275 47.2470116088075
168000 76.6080013755592 -483.161766252361 7700.58885524784 657.430879282349 3894.48699456115 279.404606672921 3444.17031960464 1743.78593234804 794.172799600178 8358.01973453019 54551.4028759965 40.0572248332385 28.7912145456243 47.3004290127354
169000 78.0512515804637 348.594851092199 7703.42487387339 669.816494808113 3937.72735435706 276.897520869868 3484.76098849148 1704.39713862221 786.542730683391 8373.2413686815 54322.1563349327 40.0010339541012 28.7508272331363 47.2340776191765
170000 77.613055944062 318.301283415508 7699.4222420649 666.056008470335 3943.1939443143 275.549099724129 3488.95215752432 1724.9094321041 787.544311407819 8365.47825053524 54460.0744570072 40.0348581216163 28.7751384246332 47.2740179206105
171000 75.9236630296716 435.47099706459 7700.49203294005 651.558057222185 3963.08931289464 277.545749740326 3510.80341054033 1717.4792709687 772.144938282346 8352.05009016223 54365.8838289471 40.0117642341343 28.7585396444644 47.2467481636563
172000 77.0965193687081 -235.677552640164 7691.9594293663 661.623219612528 3933.16052763792 277.437063056946 3480.76370350408 1731.28003282134 759.65724400057 8353.58264897883 54316.6010616505 39.9996703346279 28.7498471287738 47.2324674280965
173000 77.0125016808711 -581.324790794188 7684.85354960012 660.902200640644 3901.42031635783 278.42709118233 3449.97297920893 1754.49385583366 775.033909671143 8345.75575024077 54187.0606815165 39.9678464412221 28.7269736384972 47.1948890931713
174000 76.1060799949454 -232.721248297136 7676.87049635156 653.123514403192 3903.05263019362 280.767122916994 3453.93656348334 1732.7011939477 797.599739772607 8329.99401075475 53931.1045831003 39.9048168563645 28.6816709918981 47.1204624094291
175000 74.7751863110515 -459.64240999067 7676.8528319693 641.702114691375 3909.5578848661 278.247593049775 3457.94208323694 1740.29913616754 787.903739870032 8318.55494666068 53736.6746422116 39.856804775514 28.6471622078696 47.0637687160575
176000 77.0119704649456 -141.046142214188 7676.00922814851 660.897641877241 3895.46987804562 275.692529437714 3441.21843084514 1733.91810142149 791.424242623594 8336.90687002576 53543.0228500192 39.8088695933905 28.6127086949629 47.0071658263496
177000 77.5699528665937 765.804884786953 7694.17246897691 665.686108543291 3924.79899125377 275.66634879063 3470.42224924982 1703.82511623021 783.966981653166 8359.8585775202 53351.6815267837 39.7613926741945 28.5785845594983 46.9511040633209
178000 78.3175956075273 15.4249995726694 7693.88084021155 672.10219323073 3915.74912359969 275.536423561192 3461.3320488875 1738.27051451712 798.239504736597 8365.98303344228 53333.7120536538 39.7569281381937 28.5753756648637 46.9458322435914
179000 77.9944322118662 -353.89861516396 7685.32159118653 669.328885070401 3894.51628271211 278.702777987 3443.2126307687 1764.69452796452 783.615858301652 8354.65047625693 53201.677184905 39.7240931304644 28.5517754340422 46.9070599632174
180000 77.3241854778157 -1002.00933940488 7674.67997923618 663.576993730191 3849.05390494557 279.782988719497 3398.77108625957 1763.51870000583 779.997097435691 8338.25697296637 53325.5413255724 39.754897779866 28.5739163405483 46.9434347529924
181000 75.8802450517138 398.085195807164 7678.72713078056 651.185454897194 3907.21807705626 279.411335147568 3456.66487629848 1721.86804149377 764.749281703351 8329.91258567775 53250.2054402105 39.7361676564207 28.5604540249529 46.9213178220738
182000 75.1181821530609 327.633448377687 7683.05052659823 644.645619990475 3915.95919477545 278.392856281003 3464.40562840171 1713.09918382919 766.701558522386 8327.6961465887 53345.8020540653 39.7599320228781 28.5775347132948 46.9493792949627
183000 77.0985531790704 -174.89576914922 7672.97533628118 661.640673268945 3901.95325045301 280.521672937321 3452.56886533571 1726.08283833469 775.259579747498 8334.61600955012 53336.6760335071 39.7576646114089 28.5759050065351 46.9467018869371
184000 74.9068381472735 -145.33426736395 7705.68798560292 642.831918117812 3904.57653015872 280.039353720378 3454.97358112982 1739.73281390294 797.735894195634 8348.51990372073 53121.5608582275 39.7041429618471 28.5374362084148 46.8835023768291
185000 79.820841002186 29.8393138492018 7681.71027512332 685.002672604193 3891.06207987762 280.9138271751 3442.14472565186 1729.37154543246 796.765409726065 8366.71294772751 53049.7267425471 39.6862381254852 28.5245670696455 46.8623599625743
186000 76.6654111712596 -32.8138350865637 7703.69156903132 657.923555919111 3901.71489775059 278.219679228147 3450.17827566451 1747.35599835695 781.012053183727 8361.61512495043 53482.9242781762 39.7939697255455 28.601999383631 46.9895717432779
187000 75.0745011755916 -104.194669703212 7707.90391039406 644.270760668865 3922.00614291957 278.58188450319 3470.6681314721 1744.48949815998 783.235793063811 8352.17467106292 53994.1388608911 39.9203576219625 28.6928409498368 47.1388132782925
188000 75.9947268456368 114.099629696447 7700.8030678227 652.167909276491 3939.98379158406 278.257337887146 3488.38233714538 1722.25933737508 780.68298326277 8352.97097709919 53938.5704005251 39.9066581458704 28.6829944226006 47.1226366435133
189000 78.0340282029373 -380.603170609524 7687.5338041823 669.668688051271 3894.85068740363 278.766881911957 3443.68701406994 1748.82039055928 785.273441339819 8357.20249223357 54041.146004819 39.9319391116606 28.7011651699005 47.1524889493756
190000 79.30945805369 -15.8346464308081 7672.39465226296 680.614110894672 3904.4247925811 278.39647890113 3453.01817349649 1744.68799400595 782.49754597708 8353.00876315763 53926.0907939595 39.903580213557 28.6807821522805 47.1190021551152
191000 77.2597402238182 227.602130313211 7675.86700063733 663.023940534174 3930.88102270709 279.340727883216 3480.58633667714 1722.2878436212 781.250111343932 8338.89094117151 53842.3532259711 39.8829151405999 28.6659290876565 47.0946003943709
192000 76.1487240695561 -122.130390976494 7682.88241934687 653.489475281483 3896.03686726954 277.543687649613 3443.89105700899 1733.32257564915 780.801591706271 8336.37189462836 53727.3365893181 39.8544959456856 28.6455027315772 47.0610424003451
193000 76.227717680122 -180.977273938297 7698.73568906396 654.167378867525 3899.5062135301 276.984834369903 3446.64756886817 1734.67186760108 788.34933460027 8352.90306793148 53689.7879622661 39.8452093611625 28.6388279794319 47.050076602444
194000 78.3316969001877 -255.549338522043 7694.8219994018 672.223207029111 3896.68844324845 277.604020312647 3444.55000758064 1737.41790957525 783.623541791923 8367.04520643092 53656.8331454159 39.8370553566048 28.632967271517 47.0404481792231
195000 78.291655564655 444.881760586986 7685.91094524077 671.879582212456 3938.41111644824 277.144995492086 3485.8393553169 1721.27750906108 756.306685566787 8357.79052745323 53469.2393669947 39.7905753499701 28.5995596690515 46.9855635918988
196000 76.7562737802409 255.131017354098 7673.56539777913 658.703316307633 3910.01707577666 278.103870429011 3458.27266847106 1735.40082174252 773.151741855744 8332.26871408676 53531.9291661268 39.8061200442375 28.6107324507299 47.00391909982
197000 76.7824589553858 -374.274530551488 7656.73513208037 658.92803099031 3886.21013064715 278.459937757991 3435.01460053617 1750.68217000325 767.748032831496 8315.66316307068 53682.504549775 39.8434075149729 28.6375328986959 47.0479489438726
198000 75.4804193680267 -400.227512024674 7676.34417956939 647.754249983004 3887.47048448055 280.126877011178 3438.02395188292 1748.33152791146 785.497965003497 8324.0984295524 54030.9722487091 39.9294330995063 28.6993639683974 47.1495297965511
199000 77.1217559941002 -53.612706441922 7693.60936847762 661.839794076341 3918.41087266753 278.423519287993 3467.12018196272 1750.06157913907 773.687204570685 8355.44916255396 54210.7100220517 39.9736601030274 28.7311522201393 47.2017539895447
200000 77.9148354269235 -228.5032437871 7704.09768999383 668.645805191364 3902.06932874351 278.713245815394 3451.02544377797 1767.37587180644 791.279176414669 8372.7434951852 54501.6106586423 40.0450336087448 28.7824520773946 47.2860333537451
201000 78.075953400899 215.374062424693 7696.96081961156 670.028479708346 3937.13435097376 275.645140817956 3483.16056291029 1729.18815319112 770.978220504505 8366.98929931991 54621.0180483929 40.0742571189733 28.8034565367968 47.3205411005205
202000 76.6380017455599 -113.009638012299 7683.61203879357 657.688335021622 3925.69586813968 278.106971682049 3474.09563459409 1742.95328211609 768.922315978366 8341.30037381519 55069.5161366263 40.1836427136746 28.8820776629071 47.4497059535205
203000 74.9662185755856 -557.680771622398 7680.89229486805 643.341506235194 3909.34705015995 277.593606956187 3457.28453290458 1758.80308028224 783.312707061835 8324.23380110325 55221.9744513532 40.2206909515825 28.9087061617756 47.4934533063267
204000 75.913820099571 -497.853022716379 7683.90412544854 651.47358763579 3911.61684169037 275.143836170086 3457.2252409198 1765.52652904754 787.450993440369 8335.37771308433 55183.5000769109 40.211347898911 28.9019908230297 47.4824208296263
205000 76.9321354988321 170.252671728673 7705.44214149045 660.212517986433 3928.34690098191 278.062527294103 3476.88741451498 1750.6958610415 793.265696650794 8365.65465947688 55043.7578784562 40.1773765605295 28.8775738521632 47.442306745681
206000 80.627085407022 945.040660576617 7682.71860264181 691.921662245879 3968.41051871028 276.655758547764 3515.45159727131 1684.87579839803 793.29018313009 8374.64026488769 54704.4664275243 40.0946548238797 28.8181174300724 47.3446271473439
207000 77.6267762970027 151.399946560342 7688.78163094212 666.173753138462 3935.77275171649 276.595191488585 3482.62565849606 1735.8522738781 796.1104541894 8354.95538408058 54815.1833635643 40.1216859249175 28.8375460907605 47.3765460503905
208000 76.3298030542039 222.016044636498 7684.24091150898 655.043450244397 3932.04475102154 276.599790801585 3479.09673935757 1731.0590488724 773.212087244204 8339.28436175338 54589.0575147175 40.0664393436755 28.7978374943694 47.3113097040103
209000 77.2946831363357 349.73547052219 7671.3843356029 663.323811948238 3936.20140007519 278.988741278517 3485.55163062378 1726.13520412675 787.34441254812 8334.70814755114 54481.65979372 40.0401467160923 28.7789396130293 47.2802628062354
210000 75.4990225737852 516.607359052971 7689.7545300242 647.91389808372 3923.80590723263 279.354534398335 3473.53413713763 1727.24796571389 794.843033422754 8337.66842810792 54207.6695215271 39.9729127586567 28.7306150648027 47.2008715093055
